#	u	v	w	ant1	ant2	distance	region	sector	flag
23	-71.44907543808222	55.219607006097796	-96.8757800673132	1	5	11203.380376772533	0	3	false
47	-5.890892553143203	-105.21041134452227	-2.9701661267659034	2	5	22173.16392563984	0	5	false
50	16.194175088778138	-105.8025275917913	26.216626864443363	1	3	22650.600996429526	0	6	false
57	148.4962524753064	-38.54967206720026	197.86056605349222	0	3	25023.2914321873	0	7	false
60	132.30207738652825	67.25285552459104	171.64393918904884	0	1	26549.732833213944	0	0	false
73	60.853001948446035	122.47246253068883	74.76815912173564	0	5	33702.096002799546	0	1	false
109	58.59320651553571	160.61698252135514	70.02866821776195	2	4	55028.793998302834	0	1	false
112	-65.55818288493901	160.43001835062006	-93.90561394054728	1	2	55773.4569191357	0	2	false
121	-87.64325052686036	161.0221345978891	-123.09240693175657	3	5	59537.595023835456	0	2	false
190	66.74389450158924	227.68287387521113	77.73832524850155	0	2	108133.7295653899	0	1	false
236	-64.48409906867892	-265.8273938658774	-72.99883434452785	4	5	145486.60569174786	0	5	false
239	81.75235797371715	-266.2325459424114	120.12224080499065	2	3	148442.98507221922	0	6	false
300	-6.964976369403303	321.04700087197523	-23.876945722785337	1	4	206190.86443360653	0	2	false
416	125.33710101712495	388.29985639656627	147.7669934662635	0	4	317262.945846565	0	1	false
457	-23.15915145818144	426.84952846376655	-50.09357258722869	3	4	364937.38619574276	0	2	false
2097	-3849.8768311245367	340.7158282733767	-5112.802881516303	65	70	1.5053726166101532E7	0	3	false
2366	-3007.2057885918766	-4377.9584642590125	-3776.999229259086	0	65	4.737632728449476E7	0	5	false
2368	-3155.702041067183	-4339.408792191813	-3974.859795312578	3	65	4.76193927034988E7	0	5	false
2390	-3139.507865978405	-4445.211319783604	-3948.643168448135	1	65	4.937631699560487E7	0	5	false
2400	-3068.0587905403227	-4500.4309267897015	-3851.7673883808216	5	65	4.992074179582217E7	0	5	false
2415	-3073.949683093466	-4605.6413381342245	-3854.7375545075874	2	65	5.187303092525205E7	1	5	false
2444	-3132.5428896090016	-4766.258320655579	-3924.76622272535	4	65	5.5247261713677004E7	1	5	false
2541	-6857.082619716413	-4037.2426359856363	-8889.802110775388	0	70	7.961823825725742E7	1	4	false
2545	-7005.57887219172	-3998.6929639184364	-9087.66267682888	3	70	8.105722617388064E7	1	4	false
2550	-6917.935621664859	-4159.715098516324	-8964.570269897125	5	70	8.246429266714892E7	1	4	false
2551	-6989.384697102942	-4104.495491510227	-9061.446049964437	1	70	8.254526492375235E7	1	4	false
2556	-6923.826514218003	-4264.925509860846	-8967.54043602389	2	70	8.431855280831182E7	1	4	false
2564	-6982.419720733538	-4425.542492382203	-9037.569104241653	4	70	8.792503786024958E7	1	4	false
2608	10246.83254663553	604.9726170346348	13484.706684973204	82	83	1.0572956097351266E8	1	0	false
3023	-6511.94970741123	18592.729720497675	-9599.293345064287	79	82	7.337846859108084E8	1	2	false
3030	3734.8828392243013	19197.70233753231	3885.413339908918	79	83	7.510528999037194E8	1	1	false
3073	4118.449261317961	21616.16121565463	4383.850292843543	4	79	9.514784757203935E8	1	1	false
3081	4177.042467833497	21776.778198175984	4453.878961061306	2	79	9.659038211631905E8	1	1	false
3089	4182.93336038664	21881.988609520507	4456.849127188072	5	79	9.751397825118061E8	1	1	false
3095	4111.484284948558	21937.208216526604	4359.973347120758	1	79	9.793865116958638E8	1	1	false
3106	4243.786362335086	22004.461072051196	4531.617286309807	0	79	9.864023368319744E8	1	1	false
3108	4095.2901098597795	22043.010744118394	4333.756720256315	3	79	9.885600464145535E8	1	1	false
3270	7250.9921509269625	26382.419536310208	8308.616515568892	65	79	1.4446410083525696E9	1	1	false
3271	11100.8689820515	26041.70370803683	13421.419397085196	70	79	1.479569956191032E9	1	1	false
3272	35816.22246044688	-11006.772390913866	47698.4541652622	86	88	1.525099868266987E9	1	7	false
3278	23786.37896820251	23828.221921302185	29692.9803479427	83	88	1.701360144280599E9	2	1	false
3324	34033.21151483804	24433.194538336822	43177.6870329159	82	88	2.3522214767101297E9	2	0	false
3360	-1783.0109456088394	35439.96692925069	-4520.767132346302	82	86	2.5151616399249263E9	2	2	false
3368	-12029.84349224437	34834.99431221605	-18005.473817319507	83	86	2.571670791912143E9	2	2	false
3416	49294.40447064582	13331.888029617483	62394.018922888994	88	93	2.785416788984143E9	2	0	false
3461	-2393.5004460932687	40208.890936152304	-5215.44305222074	4	82	3.239238665016231E9	2	2	false
3463	-2334.907239577733	40369.507918673655	-5145.414384002983	2	82	3.2648461310091434E9	2	2	false
3466	-2329.01634702459	40474.71833001818	-5142.444217876215	5	82	3.2818299649333277E9	2	2	false
3472	-2400.465422462672	40529.93793702428	-5239.319997943527	1	82	3.2911139726025205E9	2	2	false
3476	-2268.1633450761437	40597.19079254887	-5067.676058754478	0	82	3.3014083654531775E9	2	2	false
3477	-2416.65959755145	40635.74046461607	-5265.53662480797	3	82	3.3083670498257103E9	2	2	false
3497	7853.332100542262	40813.86355318694	8269.263632752461	4	83	3.3932177413577304E9	2	1	false
3508	7911.925307057798	40974.480535708295	8339.292300970224	2	83	3.4204146724067388E9	2	1	false
3512	7917.816199610941	41079.69094705281	8342.262467096989	5	83	3.437773829981568E9	2	1	false
3518	7846.367124172859	41134.91055405891	8245.386687029673	1	83	3.4457272096281557E9	2	1	false
3527	7978.669201559387	41202.1634095835	8417.030626218722	0	83	3.458895701487957E9	2	1	false
3528	7830.172949084081	41240.713081650705	8219.17006016523	3	83	3.46290443937864E9	2	1	false
3603	4588.91927464027	44634.4334285345	3822.1260520209107	70	82	4.0055234750817227E9	2	1	false
3605	739.0424435157329	44975.14925680788	-1290.6768294953945	65	82	4.046074285077612E9	2	1	false
3610	10985.874990151264	45580.121873842516	12194.029855477813	65	83	4.275784469367906E9	2	1	false
3611	14835.7518212758	45239.406045569136	17306.832736994118	70	83	4.313307250814244E9	3	1	false
3613	27521.26180742681	43025.92425883449	33578.39368785162	79	88	4.459880168126856E9	3	1	false
3694	-8294.960653020069	54032.696649748366	-14120.060477410589	79	86	5.907870986722609E9	3	2	false
3704	7234.107916541398	-57039.350483123104	12394.495334507472	93	94	6.55930732442128E9	3	6	false
3711	57732.48577711359	-41936.02275950938	77715.35818185026	95	96	6.850299923776801E9	3	7	false
3713	56528.51238718722	-43707.46245350562	74788.51425739647	88	94	7.016157260957586E9	3	7	false
3714	78931.27723713126	19862.742489192453	96502.31255246756	94	98	7.019203604668818E9	3	0	false
3715	84049.77419461403	-681.5381946711204	108366.9079452481	79	94	7.065293530787198E9	3	7	false
3716	80314.89135538973	-19879.240532203432	104481.49460533918	83	94	7.2408501817024555E9	3	7	false
3717	85110.6269310927	2325.1156387036244	110092.47308815121	86	93	7.254631142070331E9	3	0	false
3736	73080.78343884833	37160.10995091968	92086.9992708317	83	93	8.102548451164728E9	3	0	false
3800	88168.22345593199	20934.623020983505	112750.75823809163	4	94	8.650152509436543E9	3	0	false
3805	88226.81666244753	21095.240003504856	112820.7869063094	2	94	8.673989480000072E9	3	0	false
3807	88161.25847956259	21255.670021855483	112726.88129236884	1	94	8.676014512856258E9	3	0	false
3809	88145.06430447381	21361.472549447273	112700.6646655044	3	94	8.682177380201403E9	3	0	false
3810	88232.70755500067	21200.45041484938	112823.75707243616	5	94	8.683928878071247E9	3	0	false
3820	88293.56055694912	21322.92287738007	112898.5252315579	0	94	8.705086915893038E9	3	0	false
3865	90561.72390202526	-19274.2679151688	117966.20129031238	82	94	8.944420643438065E9	3	7	false
3884	31639.71106874477	64642.085474489126	37962.24398069516	4	88	9.358269745495968E9	3	1	false
3885	31698.304275260307	64802.70245701048	38032.27264891293	2	88	9.403562985390652E9	3	1	false
3889	31704.19516781345	64907.912868355	38035.24281503969	5	88	9.431230297090736E9	4	1	false
3894	31632.746092375368	64963.1324753611	37938.367034972376	1	88	9.441047787367323E9	4	1	false
3897	31765.048169761896	65030.38533088569	38110.01097416142	0	88	9.46692031779424E9	4	1	false
3898	31616.55191728659	65068.93500295289	37912.15040810793	3	88	9.467538959975494E9	4	1	false
3927	91300.766345541	25700.88134163909	116675.52446081699	65	94	9.656900538757095E9	4	0	false
3941	83327.61598548386	37765.0825679543	105571.70595580491	82	93	9.795894508553078E9	4	0	false
3959	86165.38515367266	-37176.607993930644	108896.80788697503	93	98	1.018867396254953E10	4	7	false
3961	95150.64317666553	25360.16551336571	121788.32734233329	70	94	1.0339920886663734E10	4	0	false
3968	34772.25395835377	69408.3437951447	41887.010203420505	65	88	1.0844146022114254E10	4	1	false
3970	38622.13078947831	69067.62796687133	46999.81308493681	70	88	1.1032343452659863E10	4	1	false
3980	-4176.511391702108	75648.857865403	-9736.210184567048	4	86	1.146294264008491E10	4	2	false
3982	-4117.918185186572	75809.47484792434	-9666.18151634928	2	86	1.151111020361604E10	4	2	false
3985	-4112.027292633429	75914.68525926885	-9663.211350222511	5	86	1.1542987644483067E10	4	2	false
3990	-4183.476368071511	75969.90486627497	-9760.08713028983	1	86	1.1560354365303953E10	4	2	false
3994	-4051.174290684983	76037.15772179955	-9588.443191100778	0	86	1.1579710721953152E10	4	2	false
3996	-4199.6705431602895	76075.70739386676	-9786.303757154274	3	86	1.1592663743625559E10	4	2	false
4077	76815.66627807263	56357.81228845198	95972.4126107406	79	93	1.2253052597625006E10	4	0	false
4114	2805.90832903143	80074.4003577852	-698.6410803253893	70	86	1.2831692306868671E10	4	1	false
4117	-1043.9685020931065	80415.11618605857	-5811.4439618416945	65	86	1.2934271692667965E10	4	2	false
4126	38626.535871300846	-80691.23423123987	55017.71780774343	96	97	1.4514159836938528E10	4	6	false
4127	92344.7348476341	-54714.23484441948	122486.96842265868	86	94	1.4514845043300423E10	5	7	false
4128	72811.05651487317	69130.08717880314	85555.63071750566	93	97	1.48593878575099E10	5	0	false
4146	80934.1155393906	77973.9735041066	100356.26290358415	4	93	1.8710212146181664E10	5	0	false
4148	80992.70874590613	78134.59048662797	100426.29157180192	2	93	1.876984733102529E10	5	0	false
4152	80998.59963845927	78239.80089797248	100429.26173792868	5	93	1.8803706032500168E10	5	0	false
4154	80927.15056302119	78295.02050497859	100332.38595786138	1	93	1.880942416999994E10	5	0	false
4158	80910.95638793241	78400.82303257038	100306.16933099693	3	93	1.8839960967978737E10	5	0	false
4160	81059.45264040772	78362.27336050317	100504.02989705042	0	93	1.8851926634814953E10	5	0	false
4206	135459.78962431848	-23844.71996431316	171290.82680986403	88	98	1.9486495945417652E10	5	7	false
4217	84066.6584289996	82740.23182476219	104281.02912630951	65	93	2.075909498424887E10	5	0	false
4221	87916.53526012413	82399.51599648882	109393.83200782581	70	93	2.1308677645055885E10	5	0	false
4224	64939.731242576614	-94310.27141692987	84009.59126070248	94	99	2.2006023283328045E10	5	6	false
4228	13354.328638799489	-106306.69517273377	23341.177169469367	97	98	2.278056497049014E10	5	6	false
4235	159246.168592521	-16.49804301097174	200983.80715780673	83	98	2.5359342755768463E10	5	7	false
4240	-13991.545994554646	-114173.01390612233	-12492.721291765076	98	99	2.626671756813295E10	5	5	false
4241	152312.34374521486	40347.10607242388	175458.79354319378	98	102	2.645482799399934E10	5	0	false
4243	140882.99531473592	-59325.41964754099	166819.37681537174	99	103	2.688702920156559E10	5	7	false
4245	162981.0514317453	19181.204294521347	204869.22049771564	79	98	2.729866032217353E10	5	0	false
4247	122105.46098551899	82461.97520842061	147949.64964039467	88	97	2.8509698313034454E10	5	0	false
4248	169493.00113915652	588.474574023654	214468.51384277994	82	98	2.872857003980666E10	5	0	false
4264	167099.50069306325	40797.365510175965	209253.0707905592	4	98	3.125109319701284E10	6	0	false
4270	167158.0938995788	40957.98249269732	209323.09945877694	2	98	3.12969410158846E10	6	0	false
4271	167092.53571669385	41118.412511047936	209229.1938448364	1	98	3.1301363187092014E10	6	0	false
4273	167076.34154160507	41224.21503863974	209202.97721797196	3	98	3.131337571403109E10	6	0	false
4274	167163.98479213193	41063.19290404185	209326.06962490373	5	98	3.131616943453322E10	6	0	false
4283	167224.83779408038	41185.66536657253	209400.83778402547	0	98	3.1356664438631077E10	6	0	false
4320	171276.01208476536	-34851.492355227034	218989.28097512622	86	98	3.1764725354433586E10	6	7	false
4342	170232.04358267225	45563.62383083154	213177.83701328456	65	98	3.3131036295527866E10	6	0	false
4407	156240.4975881176	-68609.3900752908	200685.11572151945	65	99	3.382558989958941E10	6	7	false
4439	153084.79554705042	-72948.79886748259	196710.25592620688	3	99	3.407800914009909E10	6	7	false
4444	153100.9897221392	-73054.6013950744	196736.47255307133	1	99	3.4113862623884987E10	6	7	false
4453	153233.29179952573	-72987.3485395498	196908.1164922604	0	99	3.4134747809386047E10	6	7	false
4455	153172.43879757728	-73109.8210020805	196833.34833313865	5	99	3.415188786111006E10	6	7	false
4459	153166.54790502414	-73215.03141342502	196830.3781670119	2	99	3.4180873046879684E10	6	7	false
4463	153107.9546985086	-73375.64839594637	196760.3494987941	4	99	3.4210017347011658E10	6	7	false
4471	174081.9204137968	45222.908002558164	218290.63989480084	70	98	3.4394737831371155E10	6	0	false
4485	160090.37441924214	-68950.10590356417	205797.9186030358	70	99	3.5137162189918564E10	6	7	false
4486	157921.68344596587	71455.20281750675	195648.10380565687	86	97	3.51509501217899E10	6	0	false
4493	65576.94859833177	126169.43766192623	73161.13538299818	94	97	3.613779018732163E10	6	1	false
4494	165666.67238401435	-65959.5891003099	198799.97071266314	97	102	3.614678112735579E10	6	7	false
4503	180041.49011089373	50488.33398224047	209658.512210734	96	101	3.751308189795557E10	7	0	false
4513	96359.02164841443	-122627.25699074924	132733.0759895937	95	97	3.9359949367190125E10	7	6	false
4519	148989.50543719064	-94991.80961160098	192376.49920595056	79	99	4.024476051699196E10	7	7	false
4598	175389.40160376858	76528.68164010442	183683.1117755049	101	105	4.247472042207294E10	7	0	false
4661	145891.8399537215	106290.19712972282	177642.62998833737	83	97	4.387964097683296E10	7	0	false
4670	34184.52064357232	149821.321410043	30537.912909762235	93	96	4.606143814973364E10	7	1	false
4672	145254.62259796634	-114189.51194913332	188491.08586604166	83	99	4.717739466444016E10	7	7	false
4673	156138.67250035703	106895.16974675746	191127.33667331055	82	97	4.7232439680549934E10	7	0	false
4674	70677.1694385102	-148518.3922470161	101331.28593915673	100	101	4.911068795111696E10	7	6	false
4676	155501.45514460187	-113584.53933209868	201975.79255101486	82	99	4.9983597702658775E10	7	7	false
4678	72173.83915911801	-151349.621900053	96404.08659520996	93	99	5.102247915754425E10	7	6	false
4679	121468.24362976383	-138017.7338704355	158798.10551809895	88	99	5.2852323935960396E10	7	6	false
4681	149626.7227929458	125487.89946725513	181528.04332824628	79	97	5.388258199916492E10	7	0	false
4682	141414.9542395929	131179.56821348032	154640.7944029906	97	101	5.441434751593643E10	7	0	false
4685	237773.97588800732	8552.311222731078	287373.8703925843	95	101	5.668274766409158E10	7	0	false
4686	238477.72889888752	3170.498078493256	284355.60143016884	93	102	5.6891731296902756E10	7	0	false
4688	83478.92511421815	163153.20943966048	92931.93183265123	88	96	6.02066704391487E10	7	1	false
4689	119295.14757466502	152146.4370487466	140630.38599791346	86	96	6.052840884811753E10	7	1	false
4690	231243.62098234612	60209.84856161634	271961.1060956613	94	102	6.07240639726525E10	7	0	false
4700	153745.17205426376	147104.06068290974	185911.89362108984	4	97	6.691678726879756E10	7	0	false
4702	153803.7652607793	147264.67766543108	185981.92228930758	2	97	6.702936878419954E10	8	0	false
4706	153809.65615333244	147369.88807677562	185984.89245543437	5	97	6.7093178149529106E10	8	0	false
4708	153738.20707789436	147425.1076837817	185888.01667536705	1	97	6.7103761066674805E10	8	0	false
4712	153722.01290280558	147530.91021137353	185861.8000485026	3	97	6.716119618648305E10	8	0	false
4714	153870.5091552809	147492.3605393063	186059.66061455608	0	97	6.718412642261882E10	8	0	false
4766	157284.4660902107	-149024.50626134936	206496.55968336118	86	99	6.915501020616057E10	8	7	false
4771	156877.71494387276	151870.3190035653	189836.65984381517	65	97	7.073980503450038E10	8	0	false
4772	246066.57104227878	-71989.71060691169	285014.3977146616	100	105	7.091379425103862E10	8	7	false
4773	160727.5917749973	151529.60317529194	194949.46272533148	70	97	7.175580003471307E10	8	0	false
4774	51980.864510100335	-186997.92940397363	78358.8949772128	96	98	7.263846147796443E10	8	6	false
4775	-23547.965133541264	191757.34416955238	-47177.44527208802	93	95	7.409626474785083E10	8	2	false
4778	166303.8897397695	154520.11997854622	187951.51483495886	99	102	7.540991869894606E10	8	0	false
4780	126891.44932018127	-173498.43355366332	154326.65552360666	98	103	7.6304852801726E10	8	6	false
4781	167096.80644949712	157070.70346974718	186042.58445342758	95	100	7.72637545025832E10	8	0	false
4782	24251.718144421466	-197139.15731379023	44159.17630967255	101	102	7.831584052573915E10	8	6	false
4783	61562.66179755144	194082.459808256	62915.02781606317	86	95	7.912596373804634E10	8	1	false
4785	-71484.58594026417	-193720.4893115647	-85185.99461984915	103	104	8.016530198527515E10	8	5	false
4786	107265.30408242065	186981.43136096266	122624.91218059392	83	96	8.142995680748296E10	8	1	false
4787	287772.13336953335	16502.386108110717	346749.6203530578	88	102	8.335745823857483E10	8	0	false
4788	117512.13662905619	187586.40397799728	136109.61886556714	82	96	8.418642016991876E10	8	1	false
4791	204293.2082553152	-146650.82333154976	253817.68852040658	96	102	8.474864290689243E10	9	7	false
4792	25746.43933710456	205089.23219916987	15216.573650800987	88	95	8.478606546662924E10	9	1	false
4793	26950.412727030925	206860.6718931661	18143.41757525476	94	96	8.630899989834155E10	9	1	false
4794	205822.72655731253	-153635.69106447086	250828.9680760742	94	103	8.957084590520131E10	9	7	false
4795	109364.32067238353	199006.72622925654	108327.2262715773	96	100	9.116790880510449E10	9	1	false
4796	-25420.89442503359	-213845.5396260872	-21132.138019587117	102	103	9.210605150931358E10	9	5	false
4798	149320.20577425417	-187147.56625748504	170298.09258047002	105	106	9.234494696466513E10	9	6	false
4803	-637.2173557551578	-220479.7090788561	10848.455877704298	97	99	9.722301027695255E10	9	5	false
4804	111000.18692164496	206179.133698495	126510.32552050284	79	96	9.734071184196388E10	9	1	false
4806	281218.3715086952	-99902.60219952304	299423.8503828331	103	107	9.90448323264748E10	9	7	false
4807	311558.51233773585	40330.60802941289	376442.60070100054	83	102	1.0032182249814738E11	9	0	false
4811	323588.3558299802	5495.6137171968585	394448.07451832003	86	102	1.0476982756900717E11	9	0	false
4813	300457.8892336013	86520.2726964096	309822.0280463024	102	106	1.0524645837763318E11	9	0	false
4814	315293.39517696016	59528.310366945225	380328.0140409094	79	102	1.0649716451250148E11	9	0	false
4816	321805.3448843714	40935.58064644752	389927.3073859737	82	102	1.0691012352187283E11	9	0	false
4817	49532.81830530707	228917.45412047202	44909.55399874368	83	95	1.0725990169126341E11	9	1	false
4819	59779.6508519426	229522.4267375067	58394.260683716886	82	95	1.0893469540692845E11	9	1	false
4833	319411.8444382781	81144.47158259983	384711.864333753	4	102	1.1519277690430148E11	9	0	false
4838	319470.43764479365	81305.0885651212	384781.8930019707	2	102	1.152823953821204E11	9	0	false
4839	319404.8794619087	81465.51858347183	384687.98738803016	1	102	1.1529273846022443E11	9	0	false
4841	319388.68528681993	81571.32111106362	384661.77076116577	3	102	1.153168931448518E11	10	0	false
4842	319476.3285373468	81410.29897646571	384784.8631680975	5	102	1.1532039805457782E11	10	0	false
4851	319537.18153929524	81532.77143899642	384859.6313272192	0	102	1.153991960231238E11	10	0	false
4898	109713.35028721392	-228933.95216348302	156074.25315906305	95	98	1.168585281376288E11	10	6	false
4901	115118.63618296292	227795.2949141496	130894.17581334639	4	96	1.1703369316667418E11	10	1	false
4904	115177.22938947845	227955.91189667096	130964.20448156417	2	96	1.171935897071222E11	10	1	false
4909	115183.1202820316	228061.12230801547	130967.17464769092	5	96	1.1729090221468817E11	10	1	false
4915	115111.67120659351	228116.34191502156	130870.2988676236	1	96	1.1732482774535696E11	10	1	false
4918	115243.97328398004	228183.59477054616	131041.94280681264	0	96	1.1741667922309637E11	10	1	false
4919	115095.47703150474	228222.14444261335	130844.08224075916	3	96	1.174176632610798E11	10	1	false
4966	322544.3873278871	85910.72990325541	388636.63055647834	65	102	1.1879618882174228E11	10	0	false
4989	297123.4929028535	-127934.80972283178	367504.49253689125	65	103	1.210170011124264E11	10	7	false
4995	326394.26415901165	85570.01407498206	393749.4334379946	70	102	1.2117767029348795E11	10	0	false
5012	293967.79086178634	-132274.2185150236	363529.6327415786	3	103	1.2140999983167938E11	10	7	false
5017	293983.9850368751	-132380.02104261538	363555.8493684431	1	103	1.2147552340064821E11	10	7	false
5027	294116.28711426165	-132312.7681870908	363727.4933076321	0	103	1.2151772759654047E11	10	7	false
5029	294055.4341123132	-132435.24064962147	363652.7251485104	5	103	1.2154678426282727E11	10	7	false
5032	294049.54321976006	-132540.451060966	363649.75498238363	2	103	1.215990762026382E11	10	7	false
5034	293990.9500132445	-132701.06804348735	363579.72631416586	4	103	1.2164982560945457E11	10	7	false
5042	118251.17907257192	232561.55323480518	134818.94203607173	65	96	1.2215309343802374E11	10	1	false
5046	122101.05590369646	232220.8374065318	139931.74491758805	70	96	1.227617025043794E11	11	1	false
5051	300973.36973397806	-128275.52555110515	372617.29541840754	70	103	1.2349419019985033E11	11	7	false
5054	-30782.07305008266	248796.69465267548	-59571.94060659548	94	95	1.2474712656145393E11	11	2	false
5057	53267.70114453137	248115.15645800432	48794.96733865261	79	95	1.2595970971358307E11	11	1	false
5059	214226.01075446606	200309.65539228346	240196.42512049628	93	101	1.2614069977052332E11	11	0	false
5065	128060.6256007934	237486.2633862141	131299.61723352122	98	101	1.2919897442355913E11	11	1	false
5066	324709.60737802275	-110618.88461738064	353981.2043559749	101	106	1.2990940439157642E11	11	7	false
5070	289872.50075192656	-154317.229259142	359195.8760213223	79	103	1.3165368118461285E11	11	7	false
5072	69398.40937447175	-253045.90895910573	81633.3821955226	99	104	1.3288060330558685E11	11	6	false
5074	213056.83447385393	-210675.04154759398	263223.4634105817	93	103	1.3416116097818011E11	11	7	false
5080	262025.6940324288	-188586.84609105912	331533.04670225683	95	102	1.3978746137032166E11	11	7	false
5081	352702.95744895935	93817.88711204167	384609.84500268224	104	107	1.4200296807757803E11	11	0	false
5082	286137.61791270226	-173514.9315966743	355310.4626814134	83	103	1.4208959935875272E11	11	7	false
5087	262351.23894449975	-197343.1535179765	325617.4823334707	88	103	1.4671681305655328E11	11	7	false
5088	296384.4504593378	-172909.9589796397	368795.1693663866	82	103	1.4763945030276505E11	11	7	false
5092	57386.15040584933	269731.317673659	53178.817631496146	4	95	1.488031377263395E11	11	1	false
5094	57444.743612364866	269891.9346561803	53248.846299713885	2	95	1.489832113536022E11	11	1	false
5097	57450.63450491801	269997.14506752486	53251.816465840675	5	95	1.4909749209424582E11	11	1	false
5102	57379.18542947993	270052.364674531	53154.940685773356	1	95	1.4914893025316238E11	11	1	false
5110	57511.487506866455	270119.6175300556	53326.5846249624	0	95	1.492367867444195E11	11	1	false
5111	57362.99125439115	270158.16720212274	53128.72405890889	3	95	1.492613833776716E11	12	1	false
5159	60518.69329545833	274497.57599431457	57103.58385422148	65	95	1.543603506916988E11	12	1	false
5160	64368.57012658287	274156.8601660412	62216.38673573779	70	95	1.5446728077234537E11	12	1	false
5161	355430.8917146623	127017.01562234489	393341.62398623896	96	105	1.58597763300294E11	12	0	false
5163	263520.4152251119	213641.54342190092	302590.4440433853	88	101	1.6072842739179935E11	12	0	false
5164	70737.78480108269	279697.9604604964	53309.50846383389	97	100	1.6146573237008716E11	12	1	false
5166	299336.63768555876	202634.77103098703	350288.8982086475	86	101	1.7172412352245657E11	12	0	false
5167	151137.6834593471	273667.8389538946	139523.93546583236	102	105	1.7263077151684744E11	12	1	false
5168	206991.90283792466	257349.00587540655	227801.9297859888	94	101	1.7530266949058496E11	12	1	false
5170	298167.46140494663	-208349.92590889035	373315.9364987329	86	103	1.7572321829315054E11	12	7	false
5172	140245.77795898076	-279805.1287263971	177667.83269307605	97	103	1.7625069835851108E11	12	6	false
5173	-194593.94557058904	-268370.6633599779	-252922.2909336941	108	109	1.8191242955727856E11	12	5	false
5174	37989.31851554569	-301170.943310096	65866.17368544772	96	99	1.828510625098617E11	12	6	false
5176	413163.3774917759	85080.99286283547	471056.98216808913	95	105	1.8518152719346344E11	12	0	false
5177	316804.35584336147	207708.24985358474	338323.9061784955	97	105	1.866504339958056E11	12	0	false
5179	287306.7941933144	237469.7653432031	332283.42439132795	83	101	1.9532897289395142E11	12	0	false
5182	297553.6267399499	238074.73796023778	345768.13107630116	82	101	2.0189732249576923E11	12	0	false
5183	225988.10877877753	-275700.8965001899	233970.9543858579	104	108	2.0309259397142548E11	12	6	false
5187	291041.6770325387	256667.46768073543	336168.8377312369	79	101	2.164616357011953E11	12	0	false
5188	466124.56161761563	20560.683596099698	508621.9987589655	97	106	2.181175903630922E11	12	0	false
5192	422101.3668234311	-159228.02184706405	466243.22719820484	99	107	2.2887668975686697E11	13	7	false
5196	452770.23297881614	126867.37876883344	485280.82158949616	98	106	2.3719154746304074E11	13	0	false
5203	295160.12629385665	278283.6288963901	340552.6880240804	4	101	2.4200305637729297E11	13	0	false
5205	295218.7195003722	278444.2458789114	340622.7166922982	2	101	2.4221648846959082E11	13	0	false
5209	295224.61039292533	278549.45629025594	340625.6868584249	5	101	2.42337169780849E11	13	0	false
5211	295153.16131748725	278604.675897262	340528.8110783576	1	101	2.423565194993435E11	13	0	false
5215	295136.96714239847	278710.4784248539	340502.59445149323	3	101	2.4246489094163513E11	13	0	false
5217	295285.4633948738	278671.92875278665	340700.45501754666	0	101	2.4250959264192178E11	13	0	false
5262	95721.80429265928	-343106.9660696053	143581.53186729795	95	99	2.446074441480208E11	13	6	false
5271	94928.88758293167	-345657.54956080636	145490.46224882928	100	102	2.4796977683449554E11	13	6	false
5273	298292.66918346565	283049.88721704565	344477.4542468058	65	101	2.4921299379576105E11	13	0	false
5274	302142.5460145902	282709.17138877226	349590.25712832203	70	101	2.5113906928683118E11	13	0	false
5275	225638.90696258936	-321655.29903439654	282318.4979170421	65	104	2.5783717912908624E11	13	6	false
5277	134338.14061704837	-347356.18037603557	165642.97345622507	94	104	2.5935936811530383E11	13	6	false
5281	229488.7837937139	-321996.01486266986	287431.30079855834	70	104	2.6002796906199945E11	13	6	false
5322	504751.0974889165	-60130.550635140185	563639.7165667089	96	106	2.62005036655636E11	13	7	false
5323	222483.20492152218	-325994.7078265883	278343.6381217295	3	104	2.6204387553403745E11	13	6	false
5325	222631.70117399748	-326033.25749865547	278541.49868778297	0	104	2.6216024435799734E11	13	6	false
5331	222499.39909661096	-326100.5103541801	278369.85474859393	1	104	2.6218906830486652E11	13	6	false
5335	222570.84817204904	-326155.7299611862	278466.7305286612	5	104	2.6229290282905377E11	13	6	false
5336	255797.4770836616	-313748.14182561025	278291.712363246	102	107	2.623081422804129E11	14	6	false
5338	222564.9572794959	-326260.9403725307	278463.7603625345	2	104	2.6242756263436E11	14	6	false
5340	222506.36407298036	-326421.55735505203	278393.7316943167	4	104	2.626111482651728E11	14	6	false
5345	143548.84131595585	348828.04763929953	138865.13918133953	93	100	2.639682834828444E11	14	1	false
5350	142052.17159534805	351659.27729233645	143792.3385252863	99	101	2.6750731406649103E11	14	1	false
5354	55406.86337991711	-367218.922865228	69140.66090375753	98	104	2.7276939513019745E11	14	6	false
5360	325878.7836586349	300365.8123224968	330954.16606588947	103	106	2.866362240631381E11	14	0	false
5363	-126714.84867018182	-369518.78361223155	-150638.89061682433	107	108	2.891449157580335E11	14	5	false
5364	303450.027204562	314014.94502631854	314982.72900902614	98	105	2.8929269041021313E11	14	1	false
5365	218387.9148116624	-348037.7185707067	274009.88140147313	79	104	2.899537884315909E11	14	6	false
5366	395386.77681653295	-259137.27686439673	455312.49029513163	100	106	2.9063495980275684E11	14	7	false
5367	178872.3138302816	-360496.362957637	232685.5505008195	96	103	2.9191056006636755E11	14	6	false
5370	228659.46824704856	351153.16327800317	248957.61226949072	86	100	2.98902240579319E11	14	1	false
5371	192843.24578660168	362159.935668917	201259.15810422855	88	100	2.9950815545293994E11	14	1	false
5372	57383.4561622832	386004.6556332302	29968.3312943645	98	100	3.0129204938218604E11	14	1	false
5375	389615.41235823464	276838.33703238785	423879.53689600114	93	105	3.050790992487932E11	14	0	false
5376	538935.6181324888	89690.7707749028	594177.6294764711	93	106	3.065404692162401E11	14	0	false
5378	214653.0319724381	-367235.42090823903	270124.46806156426	83	104	3.1579963287426355E11	14	6	false
5379	408109.82082887646	-273401.0357531863	453750.50590643974	98	107	3.160498785588078E11	14	7	false
5382	224899.86451907363	-366630.44829120435	283609.17474653746	82	104	3.1941572028911664E11	14	6	false
5383	-44660.412149939686	-400268.41452201986	-31530.315683056368	106	107	3.224241597413456E11	15	5	false
5384	531701.5102159474	146730.12125802593	581783.1341419637	94	106	3.257659529347092E11	15	0	false
5387	466761.7789733708	241040.39267495583	497773.5428812612	99	106	3.340675001121797E11	15	0	false
5388	562483.5832660301	-102066.57339464955	641355.0747485592	95	106	3.3722295225284375E11	15	7	false
5389	-1169.176280612126	-410984.69693987747	23027.038290085446	101	103	3.378182092107011E11	15	5	false
5390	-294258.6672743228	-356128.8848886737	-331787.0970725409	111	112	3.4024372857016113E11	15	5	false
5391	-96905.48036529776	-407566.0289376519	-106318.13263943625	102	104	3.4161080801284296E11	15	5	false
5392	190866.6530042356	-391063.64282954123	240431.48771362158	88	104	3.4229162471526135E11	15	6	false
5393	216629.6247548042	385988.1575902192	230952.13845217123	83	100	3.4490210992119116E11	15	1	false
5394	141572.24853358977	-404395.53085915867	178037.46879073256	93	104	3.4711419231257806E11	15	6	false
5395	136314.73339941446	405867.39812242263	126470.64384683207	94	100	3.480383962590837E11	15	1	false
5397	226876.45730143972	386593.13020725385	244436.84513714444	82	100	3.503814235245375E11	15	1	false
5400	438909.81682888046	290170.22506200534	486273.55581889016	88	105	3.6103934633383105E11	15	0	false
5403	487041.0980660077	-253538.29326399392	550252.8184589073	94	107	3.657723635077806E11	15	7	false
5405	588230.0226031346	103022.65880452032	656571.6483993602	88	106	3.672418959459895E11	15	0	false
5407	382381.30444169324	333877.68751551094	411485.0415614937	94	105	3.691640824279413E11	15	0	false
5408	226682.87546468247	-402070.4152204551	288129.94187888375	86	104	3.7470636362003516E11	15	6	false
5409	220364.5075940285	405185.85992775153	234837.55179208016	79	100	3.7691167837794165E11	15	1	false
5412	236604.7996073952	-402432.38571714633	310400.9086826697	95	103	3.798854813452438E11	15	6	false
5413	474726.03928932734	279163.45267109154	533972.0099841524	86	105	3.8122927899382153E11	15	0	false
5415	587127.6738763959	-147468.68717438434	514505.6274309911	107	110	3.882129328253804E11	16	7	false
5423	624046.2450635815	92015.88641360647	704270.1025646224	86	106	4.0636756268291907E11	16	0	false
5424	612016.4015713371	126850.88072582247	686264.6287473028	83	106	4.0674636767416187E11	16	0	false
5427	462696.19579708297	313998.4469833075	515966.53616683284	83	105	4.1127781902095044E11	16	0	false
5432	224482.95685534645	426802.02114340616	239221.4020849237	4	100	4.1471252842271246E11	16	1	false
5433	224541.55006186198	426962.63812592754	239291.43075314147	2	100	4.150130964150872E11	16	1	false
5437	224547.44095441513	427067.848537272	239294.40091926823	5	100	4.1519544774768524E11	16	1	false
5442	224475.99187897705	427123.06814427814	239197.5251392009	1	100	4.152577016120139E11	16	1	false
5446	224459.79770388827	427228.8706718699	239171.30851233652	3	100	4.154312166563932E11	16	1	false
5447	224608.29395636357	427190.32099980273	239369.16907838997	0	100	4.1543202642581726E11	16	1	false
5497	622263.2341179727	127455.85334285715	699749.3354322761	82	106	4.197015216376707E11	16	0	false
5501	472943.0283437185	314603.41960034217	529451.2428518061	82	105	4.2162573130738525E11	16	0	false
5502	615751.2844105614	146048.58306335477	690150.0420872117	79	106	4.218100214828834E11	16	0	false
5503	227615.49974495545	431568.2794640617	243146.16830764903	65	100	4.243111754032868E11	16	1	false
5504	231465.37657608	431227.56363578833	248258.97118916534	70	100	4.2549064383202234E11	16	1	false
5513	494275.2059825491	-310577.643747117	562647.3137934147	93	107	4.3722492484011365E11	16	7	false
5530	578341.8644115487	-227837.41192235486	666928.3429197243	65	107	4.3829908467397986E11	16	7	false
5544	575186.1623704815	-232176.82071454666	662953.4831244117	3	107	4.386512735367114E11	16	7	false
5549	575202.3565455703	-232282.62324213845	662979.6997512762	1	107	4.387681850960759E11	16	7	false
5557	575334.6586229568	-232215.37038661388	663151.3436904652	0	107	4.3885792590037885E11	16	7	false
5560	575273.8056210084	-232337.8428491445	663076.5755313435	5	107	4.389016978732653E11	17	7	false
5564	575267.9147284552	-232443.05326048908	663073.6053652167	2	107	4.3899271973414246E11	17	7	false
5567	575209.3215219397	-232603.6702430104	663003.576696999	4	107	4.390746983867685E11	17	7	false
5573	466431.07863630727	333196.1493208398	519851.9495067418	79	105	4.395972989622998E11	17	0	false
5579	619869.7336718794	167664.7442790094	694533.8923800553	4	106	4.40461419670738E11	17	0	false
5584	619928.3268783949	167825.36126153078	694603.9210482731	2	106	4.4064183423137274E11	17	0	false
5585	619862.76869551	167985.79127988144	694510.0154343325	1	106	4.406683041587191E11	17	0	false
5589	619846.5745204212	168091.5938074732	694483.7988074681	3	106	4.407193437621732E11	17	0	false
5590	619934.2177709481	167930.57167287526	694606.8912143998	5	106	4.4071978816803467E11	17	0	false
5598	619995.0707728965	168053.04413540597	694681.6593735216	0	106	4.408775390690424E11	17	0	false
5645	582191.7412426732	-228178.1277506282	672041.1458012406	70	107	4.430777395387398E11	17	7	false
5660	623002.2765614884	172431.00259966502	698458.6586027807	65	106	4.475967379158487E11	17	0	false
5665	626852.1533926129	172090.28677139163	703571.461484297	70	106	4.5217375581507556E11	17	0	false
5666	68761.1920187166	-473525.61803796183	92481.83807322689	97	104	4.531811234043024E11	17	6	false
5670	571090.8722606217	-254219.83145866505	658619.7264041554	79	107	4.554002297931419E11	17	7	false
5678	154503.52283851337	-469421.3858117546	148784.95976600875	103	108	4.6458421348436755E11	17	6	false
5680	421464.14946767595	-379707.7309259202	477091.6830759091	97	107	4.659879511363336E11	17	7	false
5681	317441.5731991166	428187.95893244084	327475.45030079124	99	105	4.674590087445895E11	17	1	false
5685	567355.9894213974	-273417.5337961974	654734.3130642464	83	107	4.714071143067223E11	17	7	false
5686	543569.6104531949	-297245.75571749953	625041.3327163038	88	107	4.721779999923729E11	17	7	false
5689	470549.52789762523	354812.3105364945	524235.7997995853	4	105	4.732004096211696E11	18	0	false
5691	470608.12110414077	354972.9275190158	524305.8284678031	2	105	4.7348356219201056E11	18	0	false
5696	470614.0119966939	355078.13793036033	524308.7986339298	5	105	4.736385163598084E11	18	0	false
5697	470542.5629212558	355133.35753736645	524211.9228538625	1	105	4.7364970679202997E11	18	0	false
5700	470526.36874616705	355239.16006495827	524185.7062269981	3	105	4.737847853727681E11	18	0	false
5703	470674.86499864236	355200.61039289105	524383.5667930515	0	105	4.73869775788455E11	18	0	false
5758	577602.821968033	-272812.5611791627	668219.0197492198	82	107	4.82478407019704E11	18	7	false
5759	473682.07078723423	359578.56885715004	528160.5660223106	65	105	4.829681985479948E11	18	0	false
5762	477531.94761835877	359237.8530288767	533273.3689038269	70	105	4.861404310937766E11	18	0	false
5765	71375.00215683784	500177.66953935253	42461.052586129605	99	100	5.0544979314452423E11	18	1	false
5766	176558.5778843807	487513.37857998186	160656.07348541945	103	105	5.065115200134925E11	18	1	false
5767	576963.1702306191	-302006.2961193543	505401.3439771237	108	111	5.153021055940287E11	18	7	false
5769	579385.8329136418	-308252.52810841345	672739.786881566	86	107	5.2572718555149097E11	18	7	false
5771	477298.44852688536	-389764.5176480501	426536.5378382769	109	112	5.316465674010062E11	18	7	false
5772	-697017.0956828394	181466.63668678983	-365217.2567503371	115	116	5.516931121349713E11	18	3	false
5773	-136879.3523159586	-524056.39255720156	-159743.17407069172	110	111	5.680061622505719E11	18	5	false
5775	765113.0135652414	-35535.12127677916	541707.4228468155	111	113	5.87923413215196E11	18	7	false
5776	31394.16320818849	-544071.5598601678	-18951.336547836137	104	109	5.930133179808948E11	18	6	false
5777	771557.1158012082	-33635.63275937637	758323.6349108177	109	111	5.975630945257263E11	18	7	false
5778	280049.19522808306	-510887.2991394005	322450.88867291855	101	107	6.004392165917996E11	18	6	false
5779	713842.5225465777	222050.09643784724	665144.5180478154	108	110	6.081836376517759E11	19	0	false
5781	107387.72789001744	-554216.8522692017	147499.5558809703	96	104	6.258447627797446E11	19	6	false
5782	69507.99315789808	-559503.0891868935	124358.32422924216	100	103	6.309187747321924E11	19	6	false
5783	460090.6853389768	-460398.96515716	532109.4008836526	96	107	6.356178529712572E11	19	6	false
5784	397363.36959889904	494086.3016340615	416140.1606857386	104	106	6.46140194423841E11	19	1	false
5785	295386.5181532493	-528746.8054592956	315604.3365813805	99	108	6.463995636735204E11	19	6	false
5786	104659.79362431448	-587415.9807795049	138767.77689741363	105	107	7.010687413517795E11	19	6	false
5787	-72653.76222087629	-604705.1862514422	-62158.95632976369	101	104	7.366152937236305E11	19	5	false
5788	165120.21366713103	-596152.875028711	225214.91406282058	95	104	7.380611857714751E11	19	6	false
5789	64692.93302502856	618954.2395670228	30735.07022405957	114	119	7.703938769393638E11	19	1	false
5790	517823.1711160904	-502334.9879166694	609824.7590655028	95	107	7.728217167152047E11	19	7	false
5791	701062.331758874	431651.5216028569	409148.70737599226	113	114	8.641344652153129E11	19	0	false
5792	868346.0453850911	-247371.28937390744	813929.4778138241	103	110	8.764099641489456E11	19	7	false
5793	939830.6313253553	-53650.80006234266	899115.4724336733	104	110	8.890384322720748E11	19	7	false
5794	542467.2617264562	-547737.1016964042	482975.31174793467	106	110	8.943025951945537E11	19	6	false
5795	281394.97215869464	-642919.8193654179	303111.6152896154	98	108	9.05874918621916E11	19	6	false
5796	360326.2493958259	-623057.0768762255	399613.92784208304	94	108	9.062352480947567E11	19	6	false
5797	-321308.79424077086	-637889.4469722095	-403561.18155051843	107	109	9.170452343734807E11	19	5	false
5798	451627.0157413669	-597356.1955345864	516289.4523029	65	108	9.176358100345631E11	19	6	false
5805	455476.89257249143	-597696.9113628599	521402.25518441625	70	108	9.219423953728978E11	19	6	false
5844	448471.3137002997	-601695.6043267782	512314.59250758745	3	108	9.252017197444064E11	20	6	false
5846	448619.809952775	-601734.1539988455	512512.4530736408	0	108	9.254277180594767E11	20	6	false
5850	448487.5078753885	-601801.40685437	512340.8091344519	1	108	9.254709113040747E11	20	6	false
5856	448558.95695082657	-601856.6264613762	512437.68491451914	5	108	9.256679354917506E11	20	6	false
5858	448553.0660582734	-601961.8368727206	512434.71474839246	2	108	9.259159591726378E11	20	6	false
5860	448494.4728517579	-602122.453855242	512364.6860801746	4	108	9.262501910518923E11	20	6	false
5872	282704.5029562963	-658135.181008028	173614.24690458277	108	112	9.462056689527063E11	20	6	false
5873	129082.62841347978	-683266.9254378418	127652.82174642169	102	108	9.503697077526952E11	20	6	false
5878	444376.02359043993	-623738.6150708967	507980.83578733116	79	108	9.755697702031719E11	20	6	false
5880	248043.16382464487	681233.8678915466	245842.0681052686	104	105	9.896845766450941E11	20	1	false
5883	350726.36466659326	-659405.6913864166	423782.17461207527	100	107	9.926407145378405E11	20	6	false
5886	440641.14075121563	-642936.317408429	504095.4224474222	83	108	1.0208988314079572E12	20	6	false
5887	628233.6612492828	-559591.5138339807	381964.24877612374	110	113	1.020962857836691E12	20	7	false
5888	450887.97329785116	-642331.3447913943	517580.1291323954	82	108	1.028479077467686E12	20	6	false
5889	367560.3573123673	-680096.4273593486	412008.42317659047	93	108	1.0601629172814949E12	20	6	false
5890	416854.7617830131	-666764.539329731	474402.4420994795	88	108	1.0629177942363497E12	20	6	false
5891	-40090.422732075676	-737792.0491717325	-104137.33116768533	103	109	1.0902814576368851E12	20	5	false
5893	816524.8622320862	-467283.1721039932	541372.2285269041	112	116	1.1034199765062678E12	20	7	false
5894	450248.3215604373	-671525.0797315859	354762.45336029935	107	111	1.1046154164850168E12	20	6	false
5896	452670.98424346	-677771.3117206449	522100.89626474166	86	108	1.1236589219589905E12	20	6	false
5897	-1976.5927823660895	-753223.5784984583	39172.329609393026	100	104	1.1346954253310737E12	21	5	false
5898	842925.1509600575	-461216.82899999456	792797.339794237	102	110	1.1359647368266562E12	21	7	false
5900	1009229.040699827	-306696.70902144833	980748.8546291959	99	110	1.206668999241067E12	21	7	false
5901	294749.3007974941	-749226.5145381517	326452.79245908477	97	108	1.2095578904945862E12	21	6	false
5902	-171375.2608201215	-769787.1981342514	-182169.2062998807	106	108	1.2145141408439272E12	21	5	false
5903	100792.57258266024	-797117.4688192736	62682.045647686406	99	109	1.2809516608815225E12	21	6	false
5905	-242846.81860747794	-787876.9357158878	-332122.2913924523	113	116	1.300474708973888E12	21	5	false
5906	908436.4681171668	490420.7597978251	918066.8089815094	109	110	1.3062818598865444E12	21	0	false
5907	802951.2790093967	-577707.1926195442	739372.2983629816	104	111	1.3122219572715364E12	21	7	false
5909	1059371.6808395642	320593.7636118945	873494.5199193564	112	113	1.3278290806985222E12	21	0	false
5910	995237.4947052724	-420869.7229275707	968256.1333374309	98	110	1.3447603182214873E12	21	7	false
5911	1074168.7719424036	-401006.98043837823	1064758.4458898983	94	110	1.4754517473368633E12	21	7	false
5912	333375.836668795	-829917.7487693916	381470.51026682823	96	108	1.4886663879195293E12	21	6	false
5913	691787.4675007104	-734884.6679538892	653273.4043284047	105	110	1.5586808505784429E12	21	6	false
5914	257033.07017077785	-865726.8588945644	263367.1613692059	65	109	1.5650319875843145E12	21	6	false
5915	260882.9470019024	-866067.5747228378	268479.96425072214	70	109	1.5682060000089941E12	21	6	false
5921	1008591.8233440719	-527176.4181003044	991597.3105069002	97	110	1.5730874177186536E12	21	7	false
5924	153334.34655790124	-880406.082751632	171811.99805609422	101	108	1.5737411629264858E12	21	6	false
5964	253877.36812971067	-870066.2676867562	259392.30157389323	3	109	1.5784843383811929E12	21	6	false
5966	254025.86438218597	-870104.8173588234	259590.16213994677	0	109	1.5786939261571797E12	21	6	false
5970	253893.56230479944	-870172.0702143479	259418.5182007578	1	109	1.5788608045420693E12	22	6	false
5975	253965.01138023753	-870227.2898213541	259515.39398082503	5	109	1.5790892989050024E12	22	6	false
5977	253959.12048768438	-870332.5002326986	259512.42381469836	2	109	1.5794525568014792E12	22	6	false
5979	253900.52728116885	-870493.1172152199	259442.39514648047	4	109	1.5799820119917969E12	22	6	false
5986	1081402.879858945	-458046.3309215014	1077152.941224406	93	110	1.5890450711085193E12	22	7	false
5993	165732.30382523686	-891427.7402362034	146691.63690838887	94	109	1.6167540286564692E12	22	6	false
5994	867176.869104479	-658355.9863137848	836956.5161039096	101	110	1.6188609317402397E12	22	7	false
5997	522266.1949577634	-823412.0569926669	209585.13145436323	111	116	1.6287768095974507E12	22	6	false
6024	1162313.8362468774	-379645.507888931	1177459.110555403	3	110	1.6392348772514219E12	22	7	false
6030	1162330.0304219662	-379751.3104165228	1177485.3271822673	1	110	1.6394332151468616E12	22	7	false
6036	1162462.3324993527	-379684.05756099825	1177656.9711214562	0	110	1.6396386416118027E12	22	7	false
6041	1162401.4794974043	-379806.5300235289	1177582.2029623347	5	110	1.639683200034782E12	22	7	false
6046	1162395.5886048512	-379911.7404348734	1177579.2327962078	2	110	1.6398293654485276E12	22	7	false
6047	1162336.9953983356	-380072.3574173948	1177509.2041279902	4	110	1.6399372846172622E12	22	7	false
6049	1165469.5382879446	-375306.0990967392	1181433.9703507153	65	110	1.6400285807155376E12	22	7	false
6067	1169319.4151190692	-375646.8149250126	1186546.7732322318	70	110	1.6495289537010156E12	22	7	false
6070	249782.0780198509	-892109.2784308746	255058.54485363694	79	109	1.6541090158248264E12	22	6	false
6078	1158218.5461370177	-401688.5186330494	1173125.3538351464	79	110	1.664177532618974E12	22	7	false
6079	86801.0265881056	-911290.4827253958	50189.3243559213	98	109	1.6684351060285193E12	22	6	false
6081	391108.32244590856	-871853.771528901	459185.86844867846	95	108	1.6732237177447913E12	22	6	false
6082	1130697.2843295909	-444714.44289188384	1139546.9601472947	88	110	1.6740182202235889E12	23	7	false
6086	1154483.6632977934	-420886.2209705817	1169239.9404952377	83	110	1.6871229508272874E12	23	7	false
6090	1164730.495844429	-420281.24835354707	1182724.6471802108	82	110	1.7098697833852412E12	23	7	false
6094	246047.1951806266	-911306.9807684069	251173.13151372812	83	109	1.721500048650713E12	23	6	false
6095	256294.02772726212	-910702.0081513722	264657.83819870127	82	109	1.724442923950547E12	23	6	false
6096	731466.6930691325	-771427.6819311089	654186.3037431325	103	111	1.725244859968701E12	23	6	false
6098	-431138.0195902814	-880185.2774458752	-491530.27114323265	110	112	1.7353322372011748E12	23	5	false
6099	1166513.5067900377	-455721.2152827977	1187245.414312557	86	110	1.7761174136412515E12	23	7	false
6101	222260.81621242408	-935135.202689709	221480.15116578533	88	109	1.7983555650424597E12	23	6	false
6102	1329295.9930081568	-127939.99223112379	791112.956152116	110	114	1.7997651202517415E12	23	7	false
6104	-65511.31715710927	-951637.5887978198	-125269.46918727248	102	109	1.8155199335015166E12	23	5	false
6105	172966.41174177825	-948467.0907193265	159086.13224289642	93	109	1.8290970239459932E12	23	6	false
6106	-22055.05504586734	-956934.7643917365	-11871.11371941067	105	108	1.8319347120560132E12	23	5	false
6108	1047218.3592153727	-607867.6523315443	1046615.0283146435	96	110	1.835672457379864E12	23	7	false
6110	258077.03867287096	-946141.9750806228	269178.60533104755	86	109	1.8569730319090828E12	23	6	false
6112	508692.61173507385	-933836.0775082179	407585.2012904407	104	112	2.0028678125457197E12	23	6	false
6114	1342076.1837958605	-337541.4173961335	1047108.7668239392	108	113	2.029036900027642E12	23	7	false
6115	1104950.8449924863	-649803.6750910537	1124330.386496494	95	110	2.065406002173289E12	23	7	false
6116	100155.35522690509	-1017597.1778981297	73530.50152539066	97	109	2.0810391281131035E12	23	6	false
6117	454170.27707536146	-969343.5724026776	33094.96535788482	113	115	2.0855245632954814E12	23	6	false
6120	155989.6542861145	-1027653.9646202596	22975.35628775839	107	112	2.1364781142437776E12	24	6	false
6121	872349.6883838684	-830753.1015786498	821005.6805585042	99	111	2.1412954103885256E12	24	7	false
6122	224011.51599641144	-1028924.4749986482	273143.283995251	100	108	2.1675523098014985E12	24	6	false
6123	265793.7369451872	-1025619.5567513255	-35395.89713926666	117	118	2.1744372609808586E12	24	6	false
6124	937854.0385429892	-806874.3785608009	938287.8020430664	100	110	2.1816627231671523E12	24	7	false
6125	-365969.20639071055	-1038157.8614942294	-435091.49723357486	106	109	2.28947695079079E12	24	5	false
6126	1536670.1293664495	-69170.75403615553	1300031.0577576333	109	113	2.3709242729149614E12	24	7	false
6127	1393988.9260331853	491014.24733589904	821848.0263761755	110	119	2.4253951080768325E12	24	0	false
6128	138781.89109820593	-1098288.4121293696	128548.21933313413	96	109	2.4317352857320986E12	24	6	false
6129	706045.7986440989	-985273.2215571961	633054.1657235452	102	111	2.4400273120183755E12	24	6	false
6130	405587.90941049764	-1071793.4942536056	323232.13767724304	106	111	2.461984140908686E12	24	6	false
6131	1466175.3453241154	396116.4003260777	950856.1302228076	111	114	2.4634865484508677E12	24	0	false
6132	1215361.3351256787	-707060.201008365	896469.8762071148	107	113	2.4769714306184517E12	24	7	false
6133	858358.1423893138	-944926.1154847723	808512.9592667391	98	111	2.5225494280563164E12	24	6	false
6134	937289.419626445	-925063.3729955797	905015.2718192067	94	111	2.5899959442595967E12	24	7	false
6135	196514.37687531952	-1140224.4348888788	206263.57751498435	95	109	2.638841424154022E12	24	6	false
6136	-41259.5990126878	-1148776.74611161	-81110.29287759983	101	109	2.641078379324245E12	24	5	false
6137	1028590.185971986	-899362.4916539408	1021690.7962800236	65	111	2.6757035534658545E12	24	7	false
6176	1032440.0628031106	-899703.2074822141	1026803.5991615399	70	111	2.684864206388459E12	24	7	false
6177	1025434.4839309189	-903701.9004461325	1017715.9364847111	3	111	2.684870130574573E12	24	7	false
6186	1025450.6781060076	-903807.7029737243	1017742.1531115755	1	111	2.685285821137351E12	25	7	false
6189	1025582.9801833942	-903740.4501181998	1017913.7970507646	0	111	2.6853140516015454E12	25	7	false
6193	1025522.1271814457	-903862.9225807304	1017839.0288916428	5	111	2.685631998971116E12	25	7	false
6196	1025516.2362888926	-903968.1329920749	1017836.0587255161	2	111	2.686000321822491E12	25	7	false
6198	1025457.643082377	-904128.7499745962	1017766.0300572984	4	111	2.6864609708173154E12	25	7	false
6213	437208.0257948097	-1127556.5668197826	322399.20667059155	103	112	2.733918480576225E12	25	6	false
6216	1021339.1938210591	-925744.9111902509	1013382.1797644547	79	111	2.7571410300243423E12	25	7	false
6220	765755.2647839026	1050605.7611698797	439883.77760005184	113	119	2.7939260563509497E12	25	1	false
6222	944523.5275429864	-982102.723478703	917409.7671537141	93	111	2.8211762130108184E12	25	6	false
6223	1017604.3109818348	-944942.6135277832	1009496.7664245458	83	111	2.82135161945025E12	25	7	false
6225	1027851.1435284703	-944337.6409107486	1022981.473109519	82	111	2.8400251333345405E12	25	7	false
6226	993817.9320136323	-968770.8354490853	979803.7860766032	88	111	2.8647079452252905E12	25	7	false
6229	871712.4710281133	-1051232.8106575059	831854.1364362085	97	111	2.970063476551699E12	25	6	false
6230	1029634.1544740791	-979777.6078399993	1027502.2402418654	86	111	2.980074813708895E12	25	7	false
6232	-216649.00061645638	-1225305.4277517144	-264793.4046531048	105	109	3.0496835720237334E12	25	5	false
6233	1513541.9579149256	-648749.808790783	906589.4852772412	112	115	3.132561887181102E12	25	7	false
6234	1293823.3107589716	-857047.6897520433	967908.766365181	109	116	3.143040244481936E12	25	7	false
6235	578091.0211095456	-1186881.9864673237	489218.5834859633	99	112	3.1515669282887183E12	25	6	false
6237	1568064.292574638	-613242.3138963233	1281079.721209797	104	113	3.2109578967534336E12	25	7	false
6238	-1788602.5929831008	147144.76770158714	-483186.25917691767	117	119	3.24240240094978E12	25	3	false
6240	730297.5167885204	-1182412.3788709864	677213.3420332179	101	111	3.3295325304421694E12	26	6	false
6241	29417.5704258224	-1297295.138358626	20220.99306155683	100	109	3.366814745467613E12	26	6	false
6242	910339.0068994141	-1131924.044888746	886871.8542439518	96	111	3.391221194277212E12	26	6	false
6243	554908.1151847518	-1258941.0605110908	493530.230257713	105	111	3.4777882039794746E12	26	6	false
6244	1219283.2906406028	-1004878.6936794568	574802.3882047003	111	115	3.50621412085724E12	26	7	false
6245	1496579.7066343739	-806962.8032078882	1195893.726589948	103	113	3.5421287498320947E12	26	7	false
6246	734331.5186976632	-1255491.3765426143	689903.6992074826	65	112	3.691759972498554E12	26	6	false
6247	968071.4926765277	-1173860.0676482553	964587.2124258021	95	111	3.693057331771294E12	26	6	false
6249	643030.7523521222	-1281192.2578842535	573228.1747466659	94	112	3.6963957517956396E12	26	6	false
6251	738181.3955287877	-1255832.0923708878	695016.502088999	70	112	3.699140261162113E12	26	6	false
6259	564099.475114991	-1301055.000373446	476725.8621941981	98	112	3.703696445818504E12	26	6	false
6295	731175.816656596	-1259830.7853348062	685928.8394121701	3	112	3.7089652902180693E12	26	6	false
6299	731324.3129090713	-1259869.3350068734	686126.6999782237	0	112	3.7093767332332485E12	26	6	false
6303	731192.0108316848	-1259936.587862398	685955.0560390346	1	112	3.7095221675727676E12	26	6	false
6307	731263.4599071229	-1259991.807469404	686051.9318191019	5	112	3.7099049575753687E12	26	6	false
6310	731257.5690145697	-1260097.0178807485	686048.9616529751	2	112	3.7104266211850093E12	26	6	false
6311	731198.9758080542	-1260257.63486327	685978.9329847574	4	112	3.711150554685074E12	26	6	false
6322	1099229.3651883826	-1125418.3531120212	714986.4754314868	108	116	3.741438136335203E12	26	6	false
6324	1936456.1877596416	-56722.85436050512	1304823.3381241104	106	119	3.75629753152621E12	26	7	false
6326	411787.1313697761	-1341402.10644587	301267.06865100446	102	112	3.768287863916584E12	26	6	false
6329	385386.84264180483	-1347468.4495498685	49841.95738367154	110	116	3.779865463546073E12	27	6	false
6331	727080.5265467362	-1281873.7960789246	681595.0826919138	79	112	3.8150469502310645E12	27	6	false
6333	1170700.922975739	-1107328.615530385	864939.5605240584	106	113	3.8228939766011255E12	27	7	false
6334	1916423.6668845527	-275408.6794055081	1305618.583583107	107	114	3.824379552379007E12	27	7	false
6338	-943909.1503663519	-1219528.4573187446	-741270.9987684445	114	116	3.8654638005658027E12	27	5	false
6339	1853295.5260081294	471809.47186543565	513921.32940097724	114	117	3.879912662205632E12	27	0	false
6341	723345.643707512	-1301071.4984164569	677709.6693520049	83	112	3.9088030082539243E12	27	6	false
6342	733592.4762541475	-1300466.5257994223	691194.3760369781	82	112	3.920584290666332E12	27	6	false
6343	-246892.05468351254	-1400995.0940055344	-376053.7420181075	114	115	3.986530193521E12	27	5	false
6344	699559.2647393094	-1324899.7203377592	648016.6890040622	88	112	4.0001017027847495E12	27	6	false
6345	650264.8602686636	-1338231.6083673765	585622.6700811732	93	112	4.0045720637672964E12	27	6	false
6348	111329.24213617481	-1427922.3791422793	-8554.95939529792	106	112	4.0903188418653105E12	27	6	false
6349	735375.4871997563	-1335906.492728673	695715.1431693244	86	112	4.1100694218035273E12	27	6	false
6350	1981116.5999095812	343545.56016151473	1336353.6538071665	107	119	4.1608700862506777E12	27	0	false
6351	1637462.7019491098	-866288.2228554292	1362713.1034053196	99	113	4.1821946703905146E12	27	7	false
6352	800974.6862270306	-1330930.7711180025	778544.6279723747	100	111	4.1843138829940127E12	27	6	false
6353	2043138.5155547345	94110.10420672351	1456257.4741999314	108	114	4.1921284171708047E12	27	0	false
6354	1760434.0125984382	752245.2852147515	1282643.2272953487	112	114	4.230873850969084E12	27	0	false
6355	1471158.8122093403	-1020808.3428339752	1174761.5885703608	102	113	4.248407596340091E12	27	7	false
6357	577453.8037537904	-1407361.6955461798	500067.0393636676	97	112	4.294786779650958E12	27	6	false
6358	1530868.278349144	1015070.6398931006	981591.2004468673	111	119	4.40429449360165E12	28	0	false
6359	1871763.254734613	-675677.093927528	1274088.2679000506	106	114	4.416576752291411E12	28	7	false
6361	2085776.3935338957	-243870.4206179902	1475121.4307045802	105	119	4.469408727928056E12	28	7	false
6363	1623471.1559545551	-980461.2367615514	1350220.3821135547	98	113	4.558267067800401E12	28	7	false
6364	1702402.4331916864	-960598.4942723591	1446722.694666022	94	113	4.743672978933621E12	28	7	false
6365	616080.3396250913	-1488052.9297774197	555084.7571714111	96	112	4.808158028510893E12	28	6	false
6366	436038.84951419756	-1538541.26375966	345426.2449606769	101	112	4.92434831886801E12	28	6	false
6370	1793703.1995372274	-934897.61293072	1563398.2191268392	65	113	4.965438261357203E12	28	7	false
6402	1790547.4974961602	-939237.0217229117	1559423.3593315268	3	113	4.970392706739613E12	28	7	false
6408	1790563.691671249	-939342.8242505034	1559449.575958391	1	113	4.970848216873196E12	28	7	false
6414	1790695.9937486355	-939275.5713949789	1559621.21989758	0	113	4.971069340066142E12	28	7	false
6417	1790635.140746687	-939398.0438575096	1559546.4517384584	5	113	4.971311576883539E12	28	7	false
6420	1790629.249854134	-939503.2542688539	1559543.4815723314	2	113	4.971685839996713E12	28	7	false
6422	1790570.6566476184	-939663.8712513754	1559473.4529041138	4	113	4.972079658317727E12	28	7	false
6434	1797553.076368352	-935238.3287589932	1568511.0220083555	70	113	4.980538525521156E12	28	7	false
6438	1709636.5411082278	-1017637.8447554819	1459117.1900005296	93	113	4.99403066884967E12	28	7	false
6441	2236914.076993243	29797.418335904367	1614645.3661704126	102	119	5.005560360129501E12	28	0	false
6446	1786452.2073863004	-961280.0324670301	1555089.6026112703	79	113	5.039530090915015E12	28	7	false
6447	1636825.4845933546	-1086767.9319342852	1373561.559283024	97	113	5.041326742775717E12	28	7	false
6452	1320021.1287499932	-1294476.18178787	1035237.6531045286	105	113	5.093792950778611E12	28	7	false
6453	1782717.3245470761	-980477.7348045623	1551204.1892713613	83	113	5.100754236135257E12	29	7	false
6454	2119089.262953317	-553810.0848858898	478525.4322617105	114	118	5.103950524606664E12	29	7	false
6455	1758930.9455788736	-1004305.9567258647	1521511.2089234185	88	113	5.1110989807451E12	29	7	false
6456	2197642.038393248	-375311.2816050312	1605042.43396594	103	114	5.111347645113252E12	29	7	false
6458	1792964.1570937117	-979872.7621875277	1564688.8959563347	82	113	5.135021728776795E12	29	7	false
6459	673812.8254022049	-1529988.952536929	632800.1153532614	95	112	5.135756113446601E12	29	6	false
6461	2261165.7951376643	-167341.7389778857	1658804.542480085	101	119	5.168877268308832E12	29	7	false
6462	1495410.5303537617	-1217947.5001477655	1218920.7648800334	101	113	5.203044880525302E12	29	7	false
6463	2269126.624333512	-181590.7922934665	1690228.4285857892	104	114	5.214886068950737E12	29	7	false
6465	2262334.9714182764	243642.95796199166	1635777.5041899998	103	119	5.236883304831071E12	29	0	false
6467	2237732.4611253235	362480.7675667014	1709179.7651336254	109	114	5.270231181285488E12	29	0	false
6468	1794747.1680393205	-1015312.7291167784	1569209.6630886807	86	113	5.282837272998283E12	29	7	false
6469	260649.44791042898	-1615069.9453997645	161743.133185172	105	112	5.284839991763209E12	29	6	false
6471	2172221.1439682143	-589156.8212311184	1583910.295946353	102	114	5.41275621830889E12	29	7	false
6472	972514.5165182007	-1494937.1367242527	564347.5848146626	107	116	5.415458570353245E12	29	6	false
6474	2107831.448579763	713064.3437737463	1486992.5444239909	108	119	5.459874932344829E12	29	0	false
6475	1675452.0204646555	-1167459.166165525	1428579.2770907674	96	113	5.533061282206902E12	29	7	false
6477	2021083.4605088672	-862824.660185013	1444386.3604805206	105	114	5.573711142789264E12	29	7	false
6478	2331842.9645761745	-315860.1312249019	1760135.8284192418	100	119	5.637026856438227E12	29	7	false
6479	1325217.47396716	-1401119.2496122112	948957.4298173449	104	116	5.682471656575674E12	29	6	false
6480	2389226.4207384577	70144.52440832835	1790104.1597136064	98	119	5.718243398163644E12	30	0	false
6481	2402580.749377257	-36162.17076440551	1813445.3368830758	97	119	5.775009662466971E12	30	7	false
6482	2333819.5573585406	437363.4472735565	1720963.498809849	104	119	5.829287296331232E12	30	0	false
6483	2403217.9667330123	184317.53831445065	1802596.8810053715	99	119	5.843402505488952E12	30	0	false
6484	2338525.033707984	-434636.7012525721	1771861.810781312	99	114	5.846517457430362E12	30	7	false
6485	1082403.9383246442	-1528935.0862366583	415059.2141340086	110	115	5.846883281551696E12	30	6	false
6486	1733184.506241769	-1209395.1889250344	1506294.6352726177	95	113	5.929201978666564E12	30	7	false
6487	506716.01895270776	-1687059.6560066761	446757.5308998338	100	112	5.949101689714011E12	30	6	false
6488	2441207.285248558	-116853.40499564528	1868463.0546908192	96	119	5.986802446068787E12	30	7	false
6489	2324533.487713429	-548809.7151586944	1759369.0894895468	98	114	6.005840142406294E12	30	7	false
6490	2196472.8621126357	-786295.9785449085	1628069.4722560255	101	114	6.061015765749064E12	30	7	false
6491	2468157.697975589	90007.26689752087	1886606.472266074	94	119	6.108005038264881E12	30	0	false
6492	1990840.406441811	-1038514.3264388331	1333126.023115518	109	115	6.120469536358802E12	30	7	false
6493	2475391.8058921304	32967.91641439777	1899000.9676005812	93	119	6.129738359703315E12	30	0	false
6494	1566087.699792272	-1366465.8923947816	1320252.05081919	100	113	6.187088753597184E12	30	7	false
6496	2498939.7710256716	-158789.42775515455	1946178.4128726693	95	119	6.295128143947455E12	30	7	false
6497	2337887.8163522286	-655116.4103314283	1782710.2666590163	97	114	6.324074464019266E12	30	7	false
6499	2403464.7649505604	-528946.972669502	1855871.4020420145	94	114	6.336212676151314E12	30	7	false
6500	2524686.210362776	46299.80444401514	1961394.9865234704	88	119	6.378327804579064E12	30	0	false
6504	2410698.872867102	-585986.3231526251	1868265.897376522	93	114	6.49822899748658E12	30	7	false
6505	2548472.5893309787	70128.0263653174	1991087.966871413	83	119	6.504548418735132E12	31	0	false
6506	2552207.472170203	89325.72870284971	1994973.380211322	79	119	6.529721152618008E12	31	0	false
6507	2558719.421877614	70732.99898235209	2004572.6735563863	82	119	6.557051394183787E12	31	0	false
6510	2560502.432823223	35293.03205310134	2009093.4406887325	86	119	6.558663904716646E12	31	0	false
6517	2556325.921431521	110941.88991850417	1999357.2305041656	4	119	6.559418422460094E12	31	0	false
6519	2556302.762280063	111368.73944696807	1999307.1369315782	3	119	6.559489804692692E12	31	0	false
6520	2556318.9564551516	111262.93691937637	1999333.3535584428	1	119	6.559525489395806E12	31	0	false
6524	2556384.5146380365	111102.50690102566	1999427.2591723832	2	119	6.559789320760534E12	31	0	false
6526	2556390.4055305896	111207.7173123702	1999430.22933851	5	119	6.559866218268509E12	31	0	false
6534	2556451.258532538	111330.18977490091	1999504.9974976317	0	119	6.560231859563229E12	31	0	false
6580	2559458.46432113	115708.14823915996	2003281.996726891	65	119	6.577604381722948E12	31	0	false
6586	2563308.3411522545	115367.4324108864	2008394.7996084073	70	119	6.597168940742884E12	31	0	false
6591	1796246.460871222	-1306884.989798811	1080203.7321818238	108	115	6.642398101315268E12	31	7	false
6594	1253732.888026896	-1594839.738923776	863771.4351974957	103	116	6.658873740221178E12	31	6	false
6596	2459993.2773377476	-572654.4351230076	1930659.9162994109	88	114	6.707433128679014E12	31	7	false
6618	2491609.829255034	-507585.5001200547	1968572.0667075189	3	114	6.723405621104553E12	31	7	false
6624	2491626.023430123	-507691.30264764663	1968598.2833343833	1	114	6.723701158202337E12	31	7	false
6633	2491697.472505561	-507746.5222546526	1968695.1591144507	5	114	6.72416935621399E12	31	7	false
6635	2491758.3255075095	-507624.04979212186	1968769.9272735724	0	114	6.724223904590696E12	31	7	false
6636	2491691.581613008	-507851.73266599723	1968692.188948324	2	114	6.724353702624844E12	31	7	false
6637	2491632.9884064924	-508012.3496485186	1968622.1602801061	4	114	6.724388043706285E12	32	7	false
6659	2494765.5312961014	-503246.0913278628	1972546.9265028313	65	114	6.730368313016662E12	32	7	false
6660	2376514.3522235295	-735807.6445626682	1837727.9844667597	96	114	6.7306462459181455E12	32	7	false
6669	2487514.5391451744	-529628.5108641731	1964238.3099872624	79	114	6.748741301499033E12	32	7	false
6670	2498615.408127226	-503586.8071561364	1977659.7293843478	70	114	6.750278302414208E12	32	7	false
6675	2483779.65630595	-548826.2132017055	1960352.8966473537	83	114	6.771581805673951E12	32	7	false
6681	2494026.4888525857	-548221.2405846707	1973837.6033323267	82	114	6.821261184354747E12	32	7	false
6684	2267150.031551146	-934814.3707919247	1729400.7581951823	100	114	6.887725081240566E12	32	7	false
6685	2495809.4997981945	-583661.2075139217	1978358.370464673	86	114	6.910385869596133E12	32	7	false
6688	-2054396.329928288	1172764.3244529127	-447790.36203765095	118	119	6.9712966018418125E12	32	3	false
6689	2365981.317636829	847185.0091196448	854579.174279818	115	118	7.03331247476061E12	32	0	false
6691	1825126.9456234667	1371199.5247817745	1313378.2975194082	112	119	7.091464641164374E12	32	0	false
6692	2434246.838000643	-777743.6673221776	1915443.34264861	95	114	7.135328092435629E12	32	7	false
6693	2302425.394150352	981435.0071337242	1739914.8353576849	109	119	7.227592042083551E12	32	0	false
6694	1394615.8833416319	-1654165.1585713169	1030590.8120128674	99	116	7.417478205731301E12	32	6	false
6695	1008602.0833913805	1838482.6968857674	772006.068992504	116	119	7.777315416118164E12	32	1	false
6696	2820151.5947121903	-122158.56328303285	887674.1396377028	113	118	7.983100446324459E12	32	7	false
6697	927854.1043682611	-1895205.5512462724	532817.2691316062	106	116	8.044521401942404E12	32	6	false
6698	1228311.9936018623	-1808685.278549863	842639.2971779085	102	116	8.051435227312174E12	32	6	false
6699	2554357.8577670036	903460.9934682926	923070.0367769694	113	117	8.157227598973465E12	32	0	false
6700	1380624.3373470772	-1768338.172477439	1018098.0907211022	98	116	8.160163345356756E12	33	6	false
6701	1459555.6145842085	-1748475.4299882466	1114600.40327357	94	116	8.244635250609455E12	33	6	false
6702	311584.9877085411	2019949.3335725574	406788.81224216695	115	119	8.257475824965771E12	33	1	false
6703	1550856.3809297495	-1722774.5486466074	1231275.9277343869	65	116	8.341059805199564E12	33	6	false
6714	1554706.257760874	-1723115.264474881	1236388.7306159032	70	116	8.355363977253501E12	33	6	false
6748	1547700.6788886823	-1727113.9574387993	1227301.0679390742	3	116	8.361222635392311E12	33	6	false
6753	1547849.1751411576	-1727152.5071108665	1227498.9285051278	0	116	8.361948634623866E12	33	6	false
6755	1547716.873063771	-1727219.7599663911	1227327.2845659389	1	116	8.362003717603014E12	33	6	false
6760	1547788.3221392091	-1727274.9795733972	1227424.160346006	5	116	8.362606400271068E12	33	6	false
6763	1547782.431246656	-1727380.1899847419	1227421.1901798793	2	116	8.363315095979256E12	33	6	false
6765	1547723.8380401405	-1727540.8069672633	1227351.1615116615	4	116	8.364243558311911E12	33	6	false
6775	1669531.6122010401	-1676403.7734110425	929564.8415649997	107	115	8.40799502715217E12	33	6	false
6781	1543605.3887788225	-1749156.9681829177	1222967.311218818	79	116	8.501817794952733E12	33	6	false
6787	1539870.5059395982	-1768354.6705204502	1219081.897878909	83	116	8.625357656565656E12	33	6	false
6789	1550117.3384862337	-1767749.6979034154	1232566.604563882	82	116	8.652741751950879E12	33	6	false
6790	1466789.7225007499	-1805514.7804713699	1126994.8986080773	93	116	8.671239335034986E12	33	6	false
6791	1516084.1269713957	-1792182.8924417524	1189388.9175309665	88	116	8.722350119976392E12	33	6	false
6794	1551900.3494318426	-1803189.6648326663	1237087.3716962286	86	116	8.911380629285363E12	33	6	false
6795	1393978.6659858767	-1874644.867650173	1041439.2678905716	97	116	8.971763280838035E12	33	6	false
6797	2022234.5696499995	-1582585.8862990008	1314174.6865676818	104	115	9.098588829713107E12	33	7	false
6800	1252563.7117462838	-2005824.4358636532	886798.473487581	101	116	9.615579186999115E12	34	6	false
6801	1432605.2018571775	-1955336.1018814128	1096456.985698315	96	116	9.699036207029844E12	34	6	false
6802	1077174.3101425152	-2082353.1175037576	703115.3617120761	105	116	9.832693506386242E12	34	6	false
6803	1950749.9837097353	-1776306.3756105655	1228988.6919478327	103	115	1.0115954179013021E13	34	7	false
6804	1490337.6876342911	-1997272.1246409223	1174172.3438801654	95	116	1.0199298302918457E13	34	6	false
6805	3062998.4133196687	665718.3724328547	1219796.431030155	116	118	1.0268321182788107E13	34	0	false
6806	3182591.5190162864	343869.479634312	1305034.285553093	110	117	1.0365381214962338E13	34	0	false
6807	1323240.881184794	-2154342.8281106693	988129.7594267379	100	116	1.1033352471702467E13	34	6	false
6808	2091632.9790244712	-1835631.7952581067	1395808.0687632046	99	115	1.1114016694467785E13	34	7	false
6809	1624871.2000511005	-2076672.1879330627	898034.5258819433	106	115	1.1265341169024893E13	34	6	false
6810	2100187.580691642	1872804.56587097	889975.0714190844	115	117	1.1425581757985719E13	34	0	false
6811	1925329.0892847017	-1990151.9152366528	1207856.5539282456	102	115	1.1628301393486096E13	34	6	false
6812	2077641.4330299166	-1949804.809164229	1383315.3474714393	98	115	1.192007151192252E13	34	7	false
6813	2156572.710267048	-1929942.0666750367	1479817.660023907	94	115	1.2100158616112387E13	34	7	false
6814	2247873.476612589	-1904241.1853333975	1596493.184484724	65	115	1.2305204150698254E13	34	7	false
6853	2244717.7745715217	-1908580.5941255894	1592518.3246894113	3	115	1.2324117656022902E13	34	7	false
6858	2244733.9687466105	-1908686.396653181	1592544.541316276	1	115	1.2324998111982719E13	34	7	false
6861	2244866.270823997	-1908619.1437976565	1592716.1852554649	0	115	1.232507864602504E13	34	7	false
6865	2251723.3534437134	-1904581.9011616707	1601605.9873662402	70	115	1.2325122496909012E13	34	7	false
6870	2244805.4178220485	-1908741.6162601872	1592641.4170963431	5	115	1.2325740479170328E13	34	7	false
6873	2244799.5269294954	-1908846.8266715317	1592638.4469302164	2	115	1.2326517331490842E13	35	7	false
6874	2244740.93372298	-1909007.443654053	1592568.4182619986	4	115	1.2327480699384682E13	35	7	false
6892	2240622.484461662	-1930623.6048697077	1588184.567969155	79	115	1.2475004125235363E13	35	7	false
6896	3319470.871332245	867925.8721915135	1464777.459623785	111	117	1.2525477504862053E13	35	0	false
6898	2163806.8181835893	-1986981.4171581594	1492212.1553584146	93	115	1.2578250250681484E13	35	7	false
6899	2236887.6016224376	-1949821.3072072398	1584299.1546292463	83	115	1.2607272402370883E13	35	7	false
6901	2247134.434169073	-1949216.3345902055	1597783.8613142194	82	115	1.2648501803294914E13	35	7	false
6902	2213101.222654235	-1973649.5291285422	1554606.1742813035	88	115	1.2688401949372305E13	35	7	false
6903	3448385.255961473	-681750.0771170135	1269638.3884138265	110	118	1.2820927208830582E13	35	7	false
6904	2090995.761668716	-2056111.504336963	1406656.524640909	97	115	1.2827452311850152E13	35	7	false
6906	3585264.6082774317	-157693.68455981207	1429381.5624845182	111	118	1.2903856907666826E13	35	7	false
6908	2248917.445114682	-1984656.301519456	1602304.6284465655	86	115	1.2935350945262922E13	35	7	false
6911	1949580.8074291232	-2187291.072550443	1252015.7302379182	101	115	1.3369349796813729E13	35	6	false
6912	1774191.4058253546	-2263819.7541905474	1068332.6184624133	105	115	1.3397514903431252E13	35	6	false
6914	2797204.676374481	1691337.9291841805	1255192.3281694218	116	117	1.354560198292533E13	35	0	false
6915	2129622.297540017	-2136802.7385682026	1461674.2424486522	96	115	1.3667143017284762E13	35	6	false
6916	3725058.780742742	-203867.6220620923	1788009.5973010277	106	117	1.395918693463911E13	35	7	false
6917	2187354.7833171305	-2178738.761327712	1539389.6006305024	95	115	1.4278326128323957E13	35	7	false
6918	3769719.192892682	196400.7924599275	1819539.9129840843	107	117	1.4287929335821229E13	35	0	false
6919	2020257.9768676334	-2335809.464797459	1353347.016177075	100	115	1.499345400477209E13	35	6	false
6920	3879523.275551755	198435.2003288616	1761168.6595570592	112	118	1.512945390300693E13	36	0	false
6921	3874378.9865169963	-391015.18831957737	1958307.689881498	105	117	1.5316598286157656E13	36	7	false
6922	3896434.0415628636	565919.5760721592	1970178.8036009087	108	117	1.5822728173413297E13	36	0	false
6923	3613729.5386065673	1224054.757080187	1796564.5566963258	112	117	1.6055661274858906E13	36	0	false
6924	4025516.6699763434	-117347.34936568269	2097831.6253473302	102	117	1.6232325261063732E13	36	7	false
6925	4050937.564401377	96498.19026040449	2118963.763366917	103	117	1.6428718952125227E13	36	0	false
6926	4049768.388120765	-314486.506679473	2141990.801657003	101	117	1.6598427523189174E13	36	7	false
6927	4122422.150341641	290218.6795719692	2204149.7579867663	104	117	1.7162818149572395E13	36	0	false
6928	4120445.557559275	-463004.89892648906	2243322.0875961594	100	117	1.7406818665669822E13	36	7	false
6929	4177829.0137215583	-77000.24329325883	2273290.4188905237	98	117	1.746611334282809E13	36	7	false
6930	4191820.559716113	37172.77061286359	2285783.1401822893	99	117	1.757412323460878E13	36	0	false
6931	4191183.3423603578	-183306.93846599245	2296631.5960599934	97	117	1.763322067665849E13	36	7	false
6932	4035512.9298378695	-829218.764291398	1784144.0158448177	107	118	1.766057212499453E13	36	7	false
6933	4162227.7785080513	-459699.9806791664	1934782.9064616421	108	118	1.774678822465692E13	36	7	false
6934	4229809.878231659	-263998.17269723245	2351649.3138677366	96	117	1.8030681676361074E13	36	7	false
6935	4256760.2909586895	-57137.50080406619	2369792.7314429916	94	117	1.8126537562678977E13	36	7	false
6936	4091027.9871334527	834290.2394321371	2223101.094534603	109	117	1.8128590398732656E13	36	0	false
6937	4263994.398875231	-114176.8512871894	2382187.226777499	93	117	1.820772094037906E13	36	7	false
6940	4287542.364008772	-305934.19545674184	2429364.672049587	95	117	1.8570210987069457E13	36	7	false
6941	4313288.803345877	-100844.96325757192	2444581.245700388	88	117	1.862479971429775E13	36	7	false
6945	4337075.182314079	-77016.74133626977	2474274.226048331	83	117	1.882208429393682E13	37	7	false
6946	4340810.065153304	-57819.038998737466	2478159.63938824	79	117	1.8849318104277703E13	37	7	false
6955	4344905.355263163	-35776.02825461887	2482493.396108496	3	117	1.8880762394589867E13	37	7	false
6957	4344921.549438252	-35881.83078221092	2482519.6127353604	1	117	1.888091828233347E13	37	7	false
6959	4344928.5144146215	-36202.87778308289	2482543.4896810832	4	117	1.8881025092092805E13	37	7	false
6964	4344987.107621137	-36042.2608005614	2482613.518349301	2	117	1.8881511054521125E13	37	7	false
6965	4344992.99851369	-35937.05038921698	2482616.488515428	5	117	1.8881547100314344E13	37	7	false
6973	4345053.851515639	-35814.57792668627	2482691.2566745495	0	117	1.888205834055502E13	37	7	false
7015	4348061.0573042305	-31436.619462427218	2486468.2559038084	65	117	1.890761148013203E13	37	7	false
7017	4347322.014860715	-76411.7687192352	2487758.932733304	82	117	1.891088621769023E13	37	7	false
7022	4349105.025806324	-111851.73564848583	2492279.6998656504	86	117	1.893973614702898E13	37	7	false
7023	4351910.934135355	-31777.335290700663	2491581.058785325	70	117	1.8941148376723215E13	37	7	false
7026	3990852.51768793	-1229487.1788134177	1752613.7001617611	106	118	1.8950181263669242E13	37	7	false
7031	4356821.72407864	-191329.3173191885	2187705.197395336	109	118	1.9055109350735227E13	37	7	false
7034	4388215.887286829	-735400.8771793563	2168753.8608474997	104	118	2.0338067573748863E13	37	7	false
7035	4316731.301346565	-929121.366490921	2083567.8662276505	103	118	2.036070215536512E13	37	7	false
7036	4291310.406921531	-1142966.9061170083	2062435.7282080636	102	118	2.1028091705510406E13	37	7	false
7037	4140172.723462184	-1416634.7450709029	1922911.7927422314	105	118	2.1154738181984484E13	37	7	false
7038	4457614.296661301	-988446.7861384619	2250387.243043022	99	118	2.1824379315854133E13	37	7	false
7039	4443622.750666746	-1102619.8000445846	2237894.5217512576	98	118	2.2177323997143816E13	37	7	false
7040	4315562.125065953	-1340106.0634307982	2106594.9045177363	101	118	2.2215844977791742E13	38	7	false
7041	4456977.079305545	-1208926.4952173182	2261235.698920727	97	118	2.2787651227131844E13	38	7	false
7042	4522554.027903877	-1082757.057555392	2334396.8343037246	94	118	2.27982206266816E13	38	7	false
7043	4529788.135820419	-1139796.408038515	2346791.3296382325	93	118	2.311725225897442E13	38	7	false
7045	4579082.540291064	-1126464.5200088974	2409185.348561121	88	118	2.350584154047622E13	38	7	false
7068	4610699.092208351	-1061395.5850059446	2447097.4989692294	3	118	2.3511667294631133E13	38	7	false
7074	4610715.28638344	-1061501.3875335364	2447123.715596094	1	118	2.351226584356117E13	38	7	false
7084	4610786.735458878	-1061556.6071405425	2447220.591376161	5	118	2.3513159180211016E13	38	7	false
7085	4610847.588460826	-1061434.1346780118	2447295.359535283	0	118	2.3513200328534336E13	38	7	false
7087	4610780.844566325	-1061661.8175518871	2447217.621210034	2	118	2.3513551626314902E13	38	7	false
7091	4610722.251359809	-1061822.4345344084	2447147.5925418166	4	118	2.3513693444145625E13	38	7	false
7107	4613854.794249418	-1057056.1762137525	2451072.3587645423	65	118	2.352239158176162E13	38	7	false
7114	4495603.615176846	-1289617.7294485578	2316253.41672847	96	118	2.353667964100724E13	38	7	false
7119	4617704.671080543	-1057396.8920420262	2456185.1616460583	70	118	2.3559372803919336E13	38	7	false
7120	4606603.802098491	-1083438.5957500627	2442763.742248973	79	118	2.3568476971030008E13	38	7	false
7126	4602868.919259267	-1102636.2980875953	2438878.328909064	83	118	2.3618015899603605E13	38	7	false
7130	4386239.294504463	-1488624.4556778145	2207926.190456893	100	118	2.367110068873915E13	38	7	false
7131	4613115.751805902	-1102031.3254705607	2452363.0355940373	82	118	2.370978302419654E13	38	7	false
7135	4614898.762751511	-1137471.2923998116	2456883.802726384	86	118	2.3884972472512824E13	38	7	false
7139	4553336.10095396	-1331553.7522080673	2393968.7749103205	95	118	2.4278940438289375E13	38	7	false
