#	u	v	w	ant1	ant2
0	6923.826514218003	-2470.755860438342	2231.8590657247023	1	0
1	6908.595906744711	-5056.635632768946	4751.214433645234	2	0
2	-15.230607473291457	-2585.8797723306043	2519.355367920532	2	1
3	5699.17181959562	-6672.059622193278	6512.748728206987	3	0
4	-1224.6546946223825	-4201.303761754935	4280.889662482285	3	1
5	-1209.424087149091	-1615.4239894243315	1761.5342945617524	3	2
6	3505.418515329249	-7393.85639631738	6857.789546454553	4	0
7	-3418.4079988887534	-4923.100535879039	4625.9304807298495	4	1
8	-3403.177391415462	-2337.220763548434	2106.5751128093175	4	2
9	-2193.753304266371	-721.7967741241027	345.04081824756497	4	3
10	707.6187927527353	-6511.907219787076	6314.666598134652	5	0
11	-6216.207721465267	-4041.151359348734	4082.8075324099505	5	1
12	-6200.977113991976	-1455.27158701813	1563.4521644894182	5	2
13	-4991.553026842885	160.15240240620165	-198.08213007233425	5	3
14	-2797.799722576514	881.9491765303045	-543.1229483198993	5	4
15	12921.982601027936	-9293.191259921614	9267.570981019253	6	0
16	5998.156086809933	-6822.435399483272	7035.7119152945515	6	1
17	6013.386694283225	-4236.5556271526675	4516.356547374019	6	2
18	7222.810781432316	-2621.1316377283365	2754.8222528122665	6	3
19	9416.564085698687	-1899.3348636042338	2409.781434564701	6	4
20	12214.3638082752	-2781.284040134538	2952.9043828846006	6	5
21	10652.47261323966	-12520.402455564254	12363.368586497798	7	0
22	3728.6460990216583	-10049.64659512591	10131.509520773096	7	1
23	3743.8767064949498	-7463.766822795307	7612.154152852564	7	2
24	4953.300793644041	-5848.342833370974	5850.619858290812	7	3
25	7147.054097910412	-5126.546059246873	5505.579040043247	7	4
26	9944.853820486926	-6008.495235777176	6048.7019883631465	7	5
27	-2269.509987788275	-3227.211195642639	3095.7976054785454	7	6
28	6537.155314489268	-13540.927517922142	13333.603559400253	8	0
29	-386.6711997287348	-11070.171657483801	11101.74449367555	8	1
30	-371.44059225544333	-8484.291885153198	8582.389125755017	8	2
31	837.9834948936477	-6868.867895728865	6820.854831193265	8	3
32	3031.7367991600186	-6147.071121604761	6475.814012945701	8	4
33	5829.536521736532	-7029.020298135066	7018.9369612656	8	5
34	-6384.827286538668	-4247.736258000528	4066.032578381	8	6
35	-4115.317298750393	-1020.5250623578894	970.2349729024535	8	7
36	1290.9762457692996	-12125.028789912083	12073.194384649643	9	0
37	-5632.850268448703	-9654.272929473744	9841.335318924941	9	1
38	-5617.6196609754115	-7068.393157143138	7321.979951004409	9	2
39	-4408.1955738263205	-5452.969167718807	5560.445656442656	9	3
40	-2214.4422695599496	-4731.172393594703	5215.4048381950915	9	4
41	583.3574530165642	-5613.1215701250085	5758.527786514991	9	5
42	-11631.006355258636	-2831.83752999047	2805.62340363039	9	6
43	-9361.496367470361	395.3736656521687	-290.17420184815575	9	7
44	-5246.179068719968	1415.8987280100582	-1260.4091747506093	9	8
45	-4177.042467833497	-8823.97117303976	8498.928064074917	10	0
46	-11100.8689820515	-6353.215312601417	6267.068998350214	10	1
47	-11085.638374578208	-3767.3355402708125	3747.713630429682	10	2
48	-9876.214287429117	-2151.9115508464806	1986.1793358679295	10	3
49	-7682.460983162746	-1430.1147767223783	1641.1385176203646	10	4
50	-4884.661260586232	-2312.063953252683	2184.261465940264	10	5
51	-17099.025068861432	469.22008688185525	-768.6429169443368	10	6
52	-14829.515081073157	3696.431282524494	-3864.4405224228826	10	7
53	-10714.197782322764	4716.956344882384	-4834.675495325336	10	8
54	-5468.018713602796	3301.057616872325	-3574.2663205747267	10	9
55	19900.287198999897	-23230.168127065954	23619.196044648885	11	0
56	12976.460684781894	-20759.412266627613	21387.336978924184	11	1
57	12991.691292255186	-18173.532494297007	18867.98161100365	11	2
58	14201.115379404277	-16558.108504872675	17106.4473164419	11	3
59	16394.868683670647	-15836.311730748572	16761.406498194334	11	4
60	19192.66840624716	-16718.260907278876	17304.529446514232	11	5
61	6978.304597971961	-13936.976867144338	14351.625063629634	11	6
62	9247.814585760236	-10709.7656715017	11255.827458151087	11	7
63	13363.131884510629	-9689.240609143812	10285.592485248635	11	8
64	18609.310953230597	-11105.139337153869	11546.001659999243	11	9
65	24077.329666833393	-14406.196954026193	15120.267980573972	11	10
66	12175.034965479746	-25319.1959826567	25230.171845001103	12	0
67	5251.208451261744	-22848.44012221836	22998.312779276403	12	1
68	5266.439058735035	-20262.560349887757	20478.95741135587	12	2
69	6475.863145884126	-18647.136360463424	18717.423116794114	12	3
70	8669.616450150497	-17925.33958633932	18372.382298546552	12	4
71	11467.416172727011	-18807.288762869626	18915.50524686645	12	5
72	-746.9476355481893	-16026.004722735088	15962.60086398185	12	6
73	1522.5623522400856	-12798.79352709245	12866.803258503305	12	7
74	5637.879650990479	-11778.26846473456	11896.568285600852	12	8
75	10884.058719710447	-13194.167192744617	13156.977460351462	12	9
76	16352.077433313245	-16495.224809616942	16731.243780926186	12	10
77	-7725.25223352015	-2089.027855590749	1610.9758003522172	12	11
78	2334.907239577733	-22597.203571657694	22917.718731018944	13	0
79	-4588.91927464027	-20126.44771121935	20685.859665294236	13	1
80	-4573.688667166978	-17540.567938888747	18166.504297373707	13	2
81	-3364.264580017887	-15925.143949464416	16404.970002811955	13	3
82	-1170.5112757515162	-15203.347175340314	16059.92918456439	13	4
83	1627.2884468249977	-16085.296351870618	16603.052132884288	13	5
84	-10587.075361450203	-13304.01231173608	13650.147749999687	13	6
85	-8317.565373661928	-10076.80111609344	10554.350144521142	13	7
86	-4202.248074911535	-9056.276053735552	9584.11517161869	13	8
87	1043.9309938084334	-10472.174781745609	10844.524346369299	13	9
88	6511.94970741123	-13773.232398617936	14418.790666944025	13	10
89	-17565.379959422164	632.9645554082588	-701.4773136299453	13	11
90	-9840.127725902013	2721.992410999008	-2312.4531139821624	13	12
91	-7911.925307057798	-16240.546382557053	16394.641852181012	14	0
92	-14835.7518212758	-13769.79052211871	14162.78278645631	14	1
93	-14820.521213802509	-11183.910749788107	11643.427418535779	14	2
94	-13611.097126653418	-9568.486760363776	9881.893123974025	14	3
95	-11417.343822387047	-8846.689986239673	9536.85230572646	14	4
96	-8619.544099810533	-9728.639162769976	10079.97525404636	14	5
97	-20833.907908085734	-6947.355122635439	7127.070871161758	14	6
98	-18564.39792029746	-3720.1439269928	4031.2732656832127	14	7
99	-14449.080621547066	-2699.6188646349106	3061.0382927807595	14	8
100	-9202.901552827097	-4115.517592644969	4321.447467531369	14	9
101	-3734.8828392243013	-7416.575209517295	7895.713788106095	14	10
102	-27812.212506057695	6989.6217445089	-7224.554192467875	14	11
103	-20086.960272537544	9078.649600099649	-8835.529992820093	14	12
104	-10246.83254663553	6356.657189100641	-6523.07687883793	14	13
105	-16796.47564091999	-7202.9780635213965	6926.046180451034	15	0
106	-23720.302155137993	-4732.222203083054	4694.187114726332	15	1
107	-23705.071547664702	-2146.3424307524497	2174.8317468058003	15	2
108	-22495.64746051561	-530.9184413281182	413.29745224404763	15	3
109	-20301.89415624924	190.8783327959846	68.25663399648262	15	4
110	-17504.094433672726	-691.0708437343197	611.3795823163819	15	5
111	-29718.458241947927	2090.213196400218	-2341.524800568219	15	6
112	-27448.94825415965	5317.424392042856	-5437.322406046765	15	7
113	-23333.63095540926	6337.949454400747	-6407.557378949218	15	8
114	-18087.45188668929	4922.050726390688	-5147.148204198609	15	9
115	-12619.433173086494	1620.9931095183629	-1572.881883623882	15	10
116	-36696.76283991989	16027.190063544556	-16693.14986419785	15	11
117	-28971.510606399737	18116.217919135306	-18304.12566455007	15	12
118	-19131.382880497724	15394.225508136298	-15991.672550567906	15	13
119	-8884.550333862193	9037.568319035656	-9468.595671729978	15	14
120	22585.156327369623	-47679.97326064185	47295.20752620381	16	0
121	15661.32981315162	-45209.21740020351	45063.348460479116	16	1
122	15676.560420624912	-42623.337627872905	42543.99309255858	16	2
123	16885.984507774003	-41007.913638448576	40782.45879799683	16	3
124	19079.737812040374	-40286.116864324475	40437.41797974926	16	4
125	21877.537534616888	-41168.06604085478	40980.54092806916	16	5
126	9663.173726341687	-38386.78200072024	38027.636545184556	16	6
127	11932.683714129962	-35159.5708050776	34931.83893970602	16	7
128	16048.001012880355	-34139.04574271971	33961.60396680356	16	8
129	21294.180081600323	-35554.944470729766	35222.01314155418	16	9
130	26762.19879520312	-38856.00208760209	38796.27946212889	16	10
131	2684.8691283697262	-24449.8051335759	23676.011481554928	16	11
132	10410.121361889876	-22360.777277985148	22065.03568120271	16	12
133	20250.24908779189	-25082.769688984157	24377.488795184872	16	13
134	30497.08163442742	-31439.4268780848	30900.5656740228	16	14
135	39381.631968289614	-40476.99519712046	40369.16134575278	16	15
136	4117.918185186572	-42845.82324949639	42629.83311477723	17	0
137	-2805.90832903143	-40375.067389058044	40397.97404905253	17	1
138	-2790.6777215581387	-37789.187616727446	37878.61868113199	17	2
139	-1581.2536344090477	-36173.76362730311	36117.08438657024	17	3
140	612.4996698573232	-35451.96685317901	35772.043568322675	17	4
141	3410.299392433837	-36333.91602970931	36315.16651664258	17	5
142	-8804.064415841363	-33552.63198957477	33362.262133757984	17	6
143	-6534.5544280530885	-30325.42079393214	30266.46452827943	17	7
144	-2419.2371293026954	-29304.895731574245	29296.22955537698	17	8
145	2826.941939417273	-30720.794459584307	30556.638730127586	17	9
146	8294.960653020069	-34021.852076456635	34130.90505070231	17	10
147	-15782.369013813324	-19615.65512243044	19010.63707012834	17	11
148	-8057.116780293175	-17526.627266839685	17399.661269776127	17	12
149	1783.0109456088394	-20248.619677838695	19712.11438375829	17	13
150	12029.84349224437	-26605.276866939334	26235.19126259622	17	14
151	20914.393826106563	-35642.845185975	35703.78693432619	17	15
152	-18467.23814218305	4834.150011145463	-4665.374411426583	17	16
153	-15079.943661041558	-30882.007329894946	30478.465561359302	18	0
154	-22003.77017525956	-28411.251469456605	28246.606495634598	18	1
155	-21988.53956778627	-25825.371697126004	25727.251127714066	18	2
156	-20779.115480637178	-24209.94770770167	23965.71683315231	18	3
157	-18585.362176370807	-23488.150933577566	23620.676014904748	18	4
158	-15787.562453794293	-24370.100110107873	24163.79896322465	18	5
159	-28001.926262069494	-21588.816069973334	21210.894580340046	18	6
160	-25732.41627428122	-18361.604874330696	18115.0969748615	18	7
161	-21617.098975530826	-17341.079811972806	17144.86200195905	18	8
162	-16370.919906810857	-18756.978539982865	18405.271176709655	18	9
163	-10902.901193208061	-22058.03615685519	21979.537497284382	18	10
164	-34980.230860041454	-7651.839202828996	6859.269516710413	18	11
165	-27254.978626521304	-5562.8113472382465	5248.293716358196	18	12
166	-17414.85090061929	-8284.803758237254	7560.746830340358	18	13
167	-7168.01835398376	-14641.460947337897	14083.823709178287	18	14
168	1716.531979878433	-23679.029266373553	23552.419380908268	18	15
169	-37665.09998841118	16797.9659307469	-16816.741964844514	18	16
170	-19197.86184622813	11963.81591960144	-12151.367553417931	18	17
171	-31698.304275260307	-13250.461281011758	13519.96852708579	19	0
172	-38622.13078947831	-10779.705420573417	11288.109461361088	19	1
173	-38606.90018200502	-8193.825648242811	8768.754093440557	19	2
174	-37397.47609485593	-6578.40165881848	7007.219798878804	19	3
175	-35203.722790589556	-5856.604884694377	6662.178980631239	19	4
176	-32405.923068013046	-6738.554061224681	7205.301928951138	19	5
177	-44620.28687628824	-3957.270021090144	4252.397546066537	19	6
178	-42350.77688849997	-730.0588254475049	1156.5999405879916	19	7
179	-38235.459589749575	290.4662369103847	186.3649676855382	19	8
180	-32989.28052102961	-1125.4324910996736	1446.7741424361475	19	9
181	-27521.26180742681	-4426.490107971998	5021.040463010874	19	10
182	-51598.5914742602	9979.706846054194	-10099.227517563097	19	11
183	-43873.33924074005	12068.734701644946	-11710.203317915313	19	12
184	-34033.21151483804	9346.742290645936	-9397.75020393315	19	13
185	-23786.37896820251	2990.0851015452954	-2874.6733250952216	19	14
186	-14901.828634340316	-6047.483217490361	6593.922346634757	19	15
187	-54283.46060262993	34429.51197963009	-33775.238999118024	19	16
188	-35816.22246044688	29595.36196848463	-29109.864587691438	19	17
189	-16618.36061421875	17631.546048883192	-16958.49703427351	19	18
190	-42900.43466791604	6183.188442899527	-6234.24037955256	20	0
191	-49824.26118213404	8653.94430333787	-8466.099445277263	20	1
192	-49809.03057466075	11239.824075668474	-10985.454813197794	20	2
193	-48599.60648751166	12855.248065092806	-12746.989107759546	20	3
194	-46405.853183245286	13577.044839216907	-13092.029926007111	20	4
195	-43608.05346066877	12695.095662686605	-12548.906977687213	20	5
196	-55822.41726894397	15476.379702821141	-15501.811360571814	20	6
197	-53552.9072811557	18703.59089846378	-18597.60896605036	20	7
198	-49437.589982405305	19724.11596082167	-19567.84393895281	20	8
199	-44191.41091368534	18308.21723281161	-18307.434764202204	20	9
200	-38723.39220008254	15007.159615939287	-14733.168443627475	20	10
201	-62800.721866915934	29413.35656996548	-29853.43642420145	20	11
202	-55075.46963339578	31502.38442555623	-31464.412224553664	20	12
203	-45235.34190749377	28780.392014557223	-29151.9591105715	20	13
204	-34988.50936085824	22423.73482545658	-22628.88223173357	20	14
205	-26103.959026996046	13386.166506420925	-13160.286560003595	20	15
206	-65485.59099528566	53863.16170354138	-53529.44790575637	20	16
207	-47018.35285310261	49029.01169239592	-48864.07349432979	20	17
208	-27820.49100687448	37065.195772794475	-36712.70594091187	20	18
209	-11202.13039265573	19433.649723911287	-19754.20890663835	20	19
210	6851.170785925351	-80085.50527332678	80305.7372039963	21	0
211	-72.65572829265147	-77614.74941288844	78073.8781382716	21	1
212	-57.42512081936002	-75028.86964055782	75554.52277035108	21	2
213	1151.998966329731	-73413.4456511335	73792.98847578932	21	3
214	3345.752270596102	-72691.64887700939	73447.94765754175	21	4
215	6143.551993172616	-73573.5980535397	73991.07060586165	21	5
216	-6070.811815102585	-70792.31401340516	71038.16622297704	21	6
217	-3801.30182731431	-67565.10281776253	67942.3686174985	21	7
218	314.0154714360833	-66544.57775540464	66972.13364459605	21	8
219	5560.1945401560515	-67960.47648341469	68232.54281934665	21	9
220	11028.213253758848	-71261.53410028703	71806.80913992137	21	10
221	-13049.116413074546	-56855.33714626083	56686.54115934741	21	11
222	-5323.864179554395	-54766.30929067007	55075.5653589952	21	12
223	4516.263546347618	-57488.30170166908	57388.01847297736	21	13
224	14763.096092983149	-63844.958890769725	63911.09535181528	21	14
225	23647.646426845342	-72882.52720980538	73379.69102354527	21	15
226	-15733.985541444272	-32405.532012684922	33010.52967779249	21	16
227	2733.2526007387787	-37239.682023830384	37675.90408921907	21	17
228	21931.11444696691	-49203.49794343182	49827.271642636995	21	18
229	38549.47506118566	-66835.04399231501	66785.7686769105	21	19
230	49751.60545384139	-86268.6937162263	86539.97758354887	21	20
231	-29102.63911729958	-57424.394841565656	57860.819762937404	22	0
232	-36026.46563151758	-54953.63898112732	55628.96069721271	22	1
233	-36011.23502404429	-52367.759208796706	53109.60532929217	22	2
234	-34801.8109368952	-50752.33521937238	51348.07103473043	22	3
235	-32608.05763262883	-50030.538445248276	51003.03021648286	22	4
236	-29810.257910052314	-50912.48762177858	51546.15316480275	22	5
237	-42024.621718327515	-48131.20358164404	48593.248781918155	22	6
238	-39755.11173053924	-44903.9923860014	45497.451176439616	22	7
239	-35639.79443178885	-43883.46732364351	44527.21620353716	22	8
240	-30393.61536306888	-45299.366051653575	45787.62537828777	22	9
241	-24925.596649466082	-48600.423668525895	49361.89169886249	22	10
242	-49002.926316299476	-34194.2267144997	34241.62371828852	22	11
243	-41277.674082779326	-32105.19885890895	32630.64791793631	22	12
244	-31437.546356877312	-34827.19126990796	34943.10103191847	22	13
245	-21190.71381024178	-41183.8484590086	41466.1779107564	22	14
246	-12306.163476379588	-50221.41677804426	50934.77358248638	22	15
247	-51687.7954446692	-9744.421580923801	10565.612236733596	22	16
248	-33220.55730248615	-14578.571592069266	15230.98664816018	22	17
249	-14022.695456258021	-26542.387511670706	27382.35420157811	22	18
250	2595.665157960728	-44173.933560553894	44340.851235851624	22	19
251	13797.795550616458	-63607.58328446518	64095.06014248997	22	20
252	-35953.80990322493	22661.11043176112	-22444.91744105889	22	21
253	-60129.83762576245	-25118.016501350783	25678.15869956821	23	0
254	-67053.66413998045	-22647.260640912442	23446.299633843508	23	1
255	-67038.43353250716	-20061.380868581837	20926.944265922975	23	2
256	-65829.00944535807	-18445.956879157504	19165.409971361223	23	3
257	-63635.2561410917	-17724.160105033403	18820.369153113657	23	4
258	-60837.45641851518	-18606.109281563706	19363.492101433556	23	5
259	-73051.82022679038	-15824.825241429167	16410.587718548955	23	6
260	-70782.31023900211	-12597.61404578653	13314.79011307041	23	7
261	-66666.99294025172	-11577.08898342864	12344.555140167959	23	8
262	-61420.81387153175	-12992.987711438698	13604.964314918567	23	9
263	-55952.79515792895	-16294.045328311026	17179.230635493295	23	10
264	-80030.12482476234	-1887.8483742848296	2058.9626549193235	23	11
265	-72304.8725912422	201.17948130591958	447.9868545671064	23	12
266	-62464.74486534018	-2520.812929693088	2760.439968549269	23	13
267	-52217.91231870465	-8877.47011879373	9283.516847387198	23	14
268	-43333.36198484246	-17915.038437829386	18752.112519117174	23	15
269	-82714.99395313207	22561.95675929107	-21617.048826635604	23	16
270	-64247.75581094901	17727.80674814561	-16951.674415209018	23	17
271	-45049.89396472089	5763.990828544167	-4800.306861791089	23	18
272	-28431.53335050214	-11867.555220339025	12158.190172482418	23	19
273	-17229.40295784641	-31301.20494425031	31912.399079120773	23	20
274	-66981.0084116878	54967.48877197599	-54627.57850442809	23	21
275	-31027.19850846287	32306.37834021487	-32182.661063369203	23	22
276	-80992.70874590613	11430.846737510174	-10860.854347663797	24	0
277	-87916.53526012413	13901.602597948517	-13092.7134133885	24	1
278	-87901.30465265084	16487.482370279122	-15612.068781309032	24	2
279	-86691.88056550175	18102.90635970345	-17373.603075870786	24	3
280	-84498.12726123538	18824.703133827556	-17718.643894118348	24	4
281	-81700.32753865886	17942.753957297253	-17175.52094579845	24	5
282	-93914.69134693407	20724.037997431788	-20128.42532868305	24	6
283	-91645.18135914579	23951.24919307443	-23224.222934161597	24	7
284	-87529.8640603954	24971.774255432316	-24194.45790706405	24	8
285	-82283.68499167543	23555.875527422257	-22934.04873231344	24	9
286	-76815.66627807263	20254.817910549933	-19359.782411738714	24	10
287	-100892.99594490603	34661.01486457613	-34480.05039231268	24	11
288	-93167.74371138588	36750.04272016688	-36091.026192664904	24	12
289	-83327.61598548386	34028.05030916787	-33778.57307868274	24	13
290	-73080.78343884833	27671.393120067227	-27255.49619984481	24	14
291	-64196.23310498613	18633.824801031573	-17786.90052811483	24	15
292	-103577.86507327575	59110.81999815203	-58156.061873867606	24	16
293	-85110.6269310927	54276.669987006564	-53490.68746244103	24	17
294	-65912.76508486457	42312.854067405126	-41339.31990902309	24	18
295	-49294.40447064582	24681.308018521933	-24380.82287474959	24	19
296	-38092.27407799009	5247.658294610646	-4626.613968111237	24	20
297	-87843.87953183148	91516.35201083696	-91166.5915516601	24	21
298	-51890.06962860655	68855.24157907584	-68721.6741106012	24	22
299	-20862.87112014368	36548.863238860955	-36539.01304723201	24	23
300	-115177.22938947845	-48458.059280037516	48533.648135069256	25	0
301	-122101.05590369646	-45987.30341959917	46301.78906934455	25	1
302	-122085.82529622316	-43401.42364726857	43782.43370142402	25	2
303	-120876.40120907407	-41785.99965784424	42020.89940686228	25	3
304	-118682.6479048077	-41064.202883720136	41675.858588614705	25	4
305	-115884.84818223119	-41946.15206025044	42218.9815369346	25	5
306	-128099.21199050637	-39164.8680201159	39266.077154050006	25	6
307	-125829.70200271811	-35937.65682447326	36170.27954857146	25	7
308	-121714.38470396772	-34917.13176211537	35200.04457566901	25	8
309	-116468.20563524775	-36333.030490125435	36460.45375041961	25	9
310	-111000.18692164496	-39634.088106997755	40034.72007099434	25	10
311	-135077.51658847835	-25227.891152971562	24914.45209042037	25	11
312	-127352.2643549582	-23138.863297380813	23303.476290068156	25	12
313	-117512.13662905619	-25860.85570837982	25615.929404050315	25	13
314	-107265.30408242065	-32217.51289748046	32139.006282888247	25	14
315	-98380.75374855846	-41255.08121651612	41607.60195461823	25	15
316	-137762.38571684808	-778.086019395662	1238.440608865445	25	16
317	-119295.14757466502	-5612.236030541125	5903.815020292028	25	17
318	-100097.2857284369	-17576.051950142566	18055.18257370996	25	18
319	-83478.92511421815	-35207.59799902576	35013.67960798347	25	19
320	-72276.79472156242	-54641.24772293704	54767.888514621816	25	20
321	-122028.4001754038	31627.44599328926	-31772.089068927038	25	21
322	-86074.59027217887	8966.335561528142	-9327.17162786815	25	22
323	-55047.391763716005	-23340.042778686733	22855.489435501047	25	23
324	-34184.52064357232	-59888.90601754769	59394.502482733056	25	24
325	-153803.7652607793	19555.360597145886	-19161.88402673063	26	0
326	-160727.5917749973	22026.116457584227	-21393.74309245533	26	1
327	-160712.361167524	24611.996229914832	-23913.098460375866	26	2
328	-159502.93708037492	26227.42021933916	-25674.63275493762	26	3
329	-157309.18377610855	26949.216993463266	-26019.67357318518	26	4
330	-154511.38405353203	26067.267816932963	-25476.550624865282	26	5
331	-166725.74786180723	28848.551857067498	-28429.455007749882	26	6
332	-164456.23787401896	32075.763052710136	-31525.25261322843	26	7
333	-160340.92057526857	33096.288115068026	-32495.487586130886	26	8
334	-155094.7415065486	31680.389387057967	-31235.078411380277	26	9
335	-149626.7227929458	28379.331770185643	-27660.812090805546	26	10
336	-173704.0524597792	42785.52872421184	-42781.08007137952	26	11
337	-165978.80022625905	44874.556579802585	-44392.05587173173	26	12
338	-156138.67250035703	42152.564168803576	-42079.60275774957	26	13
339	-145891.8399537215	35795.90697970294	-35556.52587891164	26	14
340	-137007.2896198593	26758.338660667283	-26087.930207181664	26	15
341	-176388.92158814892	67235.33385778774	-66457.09155293443	26	16
342	-157921.68344596587	62401.18384664228	-61791.717141507856	26	17
343	-138723.82159973774	50437.36792704084	-49640.34958808993	26	18
344	-122105.46098551899	32805.82187815764	-32681.85255381642	26	19
345	-110903.33059286326	13372.172154246357	-12927.64364717807	26	20
346	-160654.93604670465	99640.86587047265	-99467.62123072693	26	21
347	-124701.12614347972	76979.75543871154	-77022.70378966804	26	22
348	-93673.92763501685	44673.37709849667	-44840.042726298845	26	23
349	-72811.05651487317	8124.51385963571	-8301.029679066834	26	24
350	-38626.535871300846	68013.4198771834	-67695.53216179989	26	25
351	-319470.43764479365	152051.56137775173	-151425.24305909785	27	0
352	-326394.26415901165	154522.31723819007	-153657.10212482256	27	1
353	-326379.03355153836	157108.19701052064	-156176.4574927431	27	2
354	-325169.6094643893	158723.62099994498	-157937.99178730484	27	3
355	-322975.8561601229	159445.4177740691	-158283.0326055524	27	4
356	-320178.0564375464	158563.4685975388	-157739.90965723252	27	5
357	-332392.4202458216	161344.75263767334	-160692.8140401171	27	6
358	-330122.9102580333	164571.96383331597	-163788.61164559564	27	7
359	-326007.5929592829	165592.48889567386	-164758.8466184981	27	8
360	-320761.41389056295	164176.59016766382	-163498.43744374748	27	9
361	-315293.39517696016	160875.53255079145	-159924.17112317277	27	10
362	-339370.72484379355	175281.72950481766	-175044.43910374673	27	11
363	-331645.4726102734	177370.7573604084	-176655.41490409896	27	12
364	-321805.3448843714	174648.7649494094	-174342.9617901168	27	13
365	-311558.51233773585	168292.10776030878	-167819.88491127887	27	14
366	-302673.96200387366	159254.5394412731	-158351.2892395489	27	15
367	-342055.5939721633	199731.53463839358	-198720.45058530167	27	16
368	-323588.3558299802	194897.3846272481	-194055.0761738751	27	17
369	-304390.4939837521	182933.56870764666	-181903.70862045715	27	18
370	-287772.13336953335	165302.02265876348	-164945.21158618364	27	19
371	-276570.0029768776	145868.37293485217	-145191.00267954532	27	20
372	-326321.608430719	232137.0666510785	-231730.98026309413	27	21
373	-290367.7985274941	209475.95621931736	-209286.06282203528	27	22
374	-259340.60001903123	177169.5778791025	-177103.40175866606	27	23
375	-238477.72889888752	140620.71464024152	-140564.38871143406	27	24
376	-204293.2082553152	200509.62065778923	-199958.8911941671	27	25
377	-165666.67238401435	132496.2007806058	-132263.35903236724	27	26
378	-575267.9147284552	448125.2546596827	-447391.4039660231	28	0
379	-582191.7412426732	450596.01052012097	-449623.2630317479	28	1
380	-582176.5106352	453181.89029245166	-452142.61839966837	28	2
381	-580967.0865480509	454797.31428187597	-453904.15269423014	28	3
382	-578773.3332437845	455519.11105600005	-454249.1935124777	28	4
383	-575975.533521208	454637.16187946976	-453706.0705641578	28	5
384	-588189.8973294832	457418.4459196043	-456658.9749470424	28	6
385	-585920.3873416949	460645.6571152469	-459754.77255252097	28	7
386	-581805.0700429445	461666.1821776048	-460725.0075254234	28	8
387	-576558.8909742245	460250.28344959475	-459464.5983506728	28	9
388	-571090.8722606217	456949.22583272244	-455890.33203009807	28	10
389	-595168.2019274551	471355.4227867487	-471010.600010672	28	11
390	-587442.949693935	473444.4506423394	-472621.57581102423	28	12
391	-577602.821968033	470722.45823134034	-470309.1226970421	28	13
392	-567355.9894213974	464365.80104223976	-463786.0458182041	28	14
393	-558471.4390875353	455328.23272320407	-454317.4501464742	28	15
394	-597853.0710558249	495805.22792032454	-494686.61149222695	28	16
395	-579385.8329136418	490971.0779091791	-490021.23708080035	28	17
396	-560187.9710674137	479007.2619895776	-477869.8695273824	28	18
397	-543569.6104531949	461375.71594069444	-460911.3724931089	28	19
398	-532367.4800605392	441942.06621678313	-441157.1635864706	28	20
399	-582119.0855143806	528210.7599330094	-527697.1411700195	28	21
400	-546165.2756111557	505549.6495012483	-505252.22372896055	28	22
401	-515138.0771026928	473243.2711610335	-473069.56266559137	28	23
402	-494275.2059825491	436694.4079221725	-436530.5496183593	28	24
403	-460090.6853389768	496583.31393972016	-495925.0521010924	28	25
404	-421464.14946767595	428569.89406253677	-428229.5199392925	28	26
405	-255797.4770836616	296073.693281931	-295966.1609069253	28	27
406	-448553.0660582734	557547.0142326395	-556849.5373884736	29	0
407	-455476.89257249143	560017.7700930779	-559081.3964541982	29	1
408	-455461.66196501814	562603.6498654084	-561600.7518221188	29	2
409	-454252.23787786905	564219.0738548328	-563362.2861166806	29	3
410	-452058.4845736027	564940.8706289568	-563707.3269349281	29	4
411	-449260.68485102616	564058.9214524266	-563164.2039866082	29	5
412	-461475.04865930136	566840.2054925612	-566117.1083694927	29	6
413	-459205.5386715131	570067.4166882037	-569212.9059749714	29	7
414	-455090.2213727627	571087.9417505616	-570183.1409478738	29	8
415	-449844.0423040427	569672.0430225516	-568922.7317731233	29	9
416	-444376.02359043993	566370.9854056793	-565348.4654525485	29	10
417	-468453.3532572733	580777.1823597054	-580468.7334331224	29	11
418	-460728.1010237532	582866.2102152962	-582079.7092334747	29	12
419	-450887.97329785116	580144.2178042972	-579767.2561194925	29	13
420	-440641.14075121563	573787.5606151966	-573244.1792406546	29	14
421	-431756.59041735344	564749.9922961609	-563775.5835689246	29	15
422	-471138.22238564305	605226.9874932814	-604144.7449146773	29	16
423	-452670.98424346	600392.8374821359	-599479.3705032507	29	17
424	-433473.12239723187	588429.0215625344	-587328.0029498328	29	18
425	-416854.7617830131	570797.4755136512	-570369.5059155594	29	19
426	-405652.6313903574	551363.82578974	-550615.2970089209	29	20
427	-455404.2368441988	637632.5195059662	-637155.2745924698	29	21
428	-419450.42694097385	614971.4090742051	-614710.357151411	29	22
429	-388423.228432511	582665.0307339903	-582527.6960880418	29	23
430	-367560.3573123673	546116.1674951293	-545988.6830408098	29	24
431	-333375.836668795	606005.073512677	-605383.1855235428	29	25
432	-294749.3007974941	537991.6536354936	-537687.6533617429	29	26
433	-129082.62841347976	405495.4528548878	-405424.29432937567	29	27
434	126714.84867018182	109421.75957295681	-109458.13342245041	29	28
435	-253959.12048768438	565049.7102762907	-564795.2137711062	30	0
436	-260882.9470019024	567520.4661367291	-567027.0728368307	30	1
437	-260867.71639442907	570106.3459090596	-569546.4282047513	30	2
438	-259658.29230728003	571721.769898484	-571307.962499313	30	3
439	-257464.5390030136	572443.566672608	-571653.0033175607	30	4
440	-254666.73928043712	571561.6174960778	-571109.8803692408	30	5
441	-266881.1030887123	574342.9015362123	-574062.7847521254	30	6
442	-264611.59310092404	577570.1127318549	-577158.5823576039	30	7
443	-260496.27580217368	578590.6377942128	-578128.8173305064	30	8
444	-255250.09673345368	577174.7390662028	-576868.4081557558	30	9
445	-249782.0780198509	573873.6814493305	-573294.1418351809	30	10
446	-273859.4076866843	588279.8784033566	-588414.409815755	30	11
447	-266134.15545316413	590368.9062589474	-590025.3856161071	30	12
448	-256294.02772726212	587646.9138479484	-587712.932502125	30	13
449	-246047.1951806266	581290.2566588478	-581189.8556232871	30	14
450	-237162.6448467644	572252.6883398121	-571721.2599515571	30	15
451	-276544.276815054	612729.6835369325	-612090.4212973099	30	16
452	-258077.03867287096	607895.5335257871	-607425.0468858833	30	17
453	-238879.17682664283	595931.7176061856	-595273.6793324654	30	18
454	-222260.81621242408	578300.1715573024	-578315.1822981919	30	19
455	-211058.68581976835	558866.5218333912	-558560.9733915535	30	20
456	-260810.29127360974	645135.2155496174	-645100.9509751024	30	21
457	-224856.4813703848	622474.1051178563	-622656.0335340436	30	22
458	-193829.28286192194	590167.7267776415	-590473.3724706743	30	23
459	-172966.41174177825	553618.8635387805	-553934.3594234424	30	24
460	-138781.89109820593	613507.7695563282	-613328.8619061754	30	25
461	-100155.35522690509	545494.3496791448	-545633.3297443754	30	26
462	65511.317157109275	412998.148898539	-413369.97071200825	30	27
463	321308.79424077086	116924.45561660801	-117403.80980508297	30	28
464	194593.94557058904	7502.696043651191	-7945.67638263257	30	29
465	-1162395.5886048512	779054.6621963412	-778436.3110347401	31	0
466	-1169319.4151190692	781525.4180567797	-780668.1701004647	31	1
467	-1169304.1845115959	784111.2978291102	-783187.5254683852	31	2
468	-1168094.7604244468	785726.7218185345	-784949.059762947	31	3
469	-1165901.0071201804	786448.5185926586	-785294.1005811945	31	4
470	-1163103.207397604	785566.5694161283	-784750.9776328747	31	5
471	-1175317.571205879	788347.8534562628	-787703.8820157594	31	6
472	-1173048.0612180908	791575.0646519054	-790799.6796212378	31	7
473	-1168932.7439193404	792595.5897142633	-791769.9145941403	31	8
474	-1163686.5648506205	791179.6909862533	-790509.5054193897	31	9
475	-1158218.5461370177	787878.633369381	-786935.239098815	31	10
476	-1182295.875803851	802284.8303234072	-802055.5070793888	31	11
477	-1174570.623570331	804373.858178998	-803666.4828797411	31	12
478	-1164730.495844429	801651.865767999	-801354.0297657589	31	13
479	-1154483.6632977934	795295.2085788983	-794830.952886921	31	14
480	-1145599.1129639312	786257.6402598626	-785362.3572151911	31	15
481	-1184980.7449322208	826734.6354569831	-825731.5185609439	31	16
482	-1166513.5067900377	821900.4854458376	-821066.1441495172	31	17
483	-1147315.6449438096	809936.6695262361	-808914.7765960993	31	18
484	-1130697.2843295909	792305.1234773529	-791956.2795618258	31	19
485	-1119495.1539369351	772871.4737534417	-772202.0706551874	31	20
486	-1169246.7593907765	859140.167469668	-858742.0482387363	31	21
487	-1133292.9494875516	836479.0570379068	-836297.1307976774	31	22
488	-1102265.7509790887	804172.678697692	-804114.4697343082	31	23
489	-1081402.879858945	767623.815458831	-767575.4566870763	31	24
490	-1047218.3592153726	827512.7214763787	-826969.9591698092	31	25
491	-1008591.8233440719	759499.3015991953	-759274.4270080093	31	26
492	-842925.1509600575	627003.1008185894	-627011.0679756422	31	27
493	-587127.6738763959	330929.4075366586	-331044.9070687169	31	28
494	-713842.5225465777	221507.64796370172	-221586.7736462665	31	29
495	-908436.4681171668	214004.95192005052	-213641.0972636339	31	30
496	-1025516.2362888926	961331.2342379644	-960472.9574796266	32	0
497	-1032440.0628031106	963801.9900984027	-962704.8165453514	32	1
498	-1032424.8321956373	966387.8698707334	-965224.1719132718	32	2
499	-1031215.4081084882	968003.2938601577	-966985.7062078336	32	3
500	-1029021.6548042217	968725.0906342817	-967330.7470260812	32	4
501	-1026223.8550816453	967843.1414577514	-966787.6240777613	32	5
502	-1038438.2188899205	970624.4254978859	-969740.5284606459	32	6
503	-1036168.7089021322	973851.6366935286	-972836.3260661244	32	7
504	-1032053.3916033818	974872.1617558865	-973806.5610390268	32	8
505	-1026807.2125346619	973456.2630278765	-972546.1518642763	32	9
506	-1021339.1938210591	970155.2054110041	-968971.8855437016	32	10
507	-1045416.5234878924	984561.4023650303	-984092.1535242755	32	11
508	-1037691.2712543724	986650.4302206212	-985703.1293246277	32	12
509	-1027851.1435284704	983928.437809622	-983390.6762106456	32	13
510	-1017604.3109818348	977571.7806205214	-976867.5993318077	32	14
511	-1008719.7606479726	968534.2123014857	-967399.0036600777	32	15
512	-1048101.3926162623	1009011.2074986062	-1007768.1650058305	32	16
513	-1029634.1544740791	1004177.0574874608	-1003102.7905944039	32	17
514	-1010436.292627851	992213.2415678593	-990951.423040986	32	18
515	-993817.9320136323	974581.6955189761	-973992.9260067125	32	19
516	-982615.8016209765	955148.0457950648	-954238.7171000742	32	20
517	-1032367.4070748179	1041416.7395112911	-1040778.6946836229	32	21
518	-996413.597171593	1018755.62907953	-1018333.777242564	32	22
519	-965386.3986631301	986449.2507393152	-986151.1161791948	32	23
520	-944523.5275429864	949900.3875004542	-949612.1031319628	32	24
521	-910339.0068994141	1009789.2935180019	-1009006.6056146958	32	25
522	-871712.4710281133	941775.8736408184	-941311.0734528961	32	26
523	-706045.7986440989	809279.6728602126	-809047.7144205287	32	27
524	-450248.3215604373	513205.9795782817	-513081.55351360346	32	28
525	-576963.1702306191	403784.22000532487	-403623.4200911531	32	29
526	-771557.1158012082	396281.52396167367	-395677.74370852055	32	30
527	136879.3523159586	182276.57204162315	-182036.64644488663	32	31
528	-731257.5690145697	973539.3813212508	-972606.5982124729	33	0
529	-738181.3955287877	976010.1371816891	-974838.4572781976	33	1
530	-738166.1649213145	978596.0169540197	-977357.8126461182	33	2
531	-736956.7408341654	980211.440943444	-979119.3469406799	33	3
532	-734762.987529899	980933.2377175682	-979464.3877589275	33	4
533	-731965.1878073225	980051.2885410379	-978921.2648106075	33	5
534	-744179.5516155977	982832.5725811725	-981874.1691934922	33	6
535	-741910.0416278094	986059.7837768149	-984969.9667989708	33	7
536	-737794.724329059	987080.3088391729	-985940.2017718732	33	8
537	-732548.545260339	985664.4101111629	-984679.7925971225	33	9
538	-727080.5265467362	982363.3524942906	-981105.5262765478	33	10
539	-751157.8562135696	996769.5494483167	-996225.7942571219	33	11
540	-743432.6039800495	998858.5773039075	-997836.770057474	33	12
541	-733592.4762541475	996136.5848929085	-995524.3169434919	33	13
542	-723345.643707512	989779.9277038078	-989001.2400646539	33	14
543	-714461.0933736498	980742.3593847723	-979532.6443929239	33	15
544	-753842.7253419394	1021219.3545818927	-1019901.8057386767	33	16
545	-735375.4871997563	1016385.2045707472	-1015236.4313272502	33	17
546	-716177.6253535282	1004421.3886511457	-1003085.0637738323	33	18
547	-699559.2647393094	986789.8426022626	-986126.5667395587	33	19
548	-688357.1343466537	967356.1928783513	-966372.3578329204	33	20
549	-738108.7398004951	1053624.8865945775	-1052912.3354164693	33	21
550	-702154.9298972702	1030963.7761628164	-1030467.4179754104	33	22
551	-671127.7313888073	998657.3978226015	-998284.7569120412	33	23
552	-650264.8602686636	962108.5345837406	-961745.743864809	33	24
553	-616080.3396250913	1021997.4406012882	-1021140.2463475423	33	25
554	-577453.8037537904	953984.020724105	-953444.7141857423	33	26
555	-411787.1313697761	821487.8199434992	-821181.3551533751	33	27
556	-155989.6542861145	525414.1266615682	-525215.1942464497	33	28
557	-282704.5029562963	415992.3670886113	-415757.0608239994	33	29
558	-477298.44852688536	408489.67104496015	-407811.3844413668	33	30
559	431138.0195902814	194484.71912490958	-194170.2871777329	33	31
560	294258.6672743228	12208.147083286416	-12133.64073284631	33	32
561	-1790629.249854134	1249937.8595345865	-1249108.876306599	34	0
562	-1797553.076368352	1252408.615395025	-1251340.7353723238	34	1
563	-1797537.8457608786	1254994.4951673555	-1253860.0907402444	34	2
564	-1796328.4216737296	1256609.9191567798	-1255621.6250348063	34	3
565	-1794134.6683694632	1257331.715930904	-1255966.6658530536	34	4
566	-1791336.8686468867	1256449.7667543734	-1255423.542904734	34	5
567	-1803551.2324551619	1259231.0507945083	-1258376.4472876184	34	6
568	-1801281.7224673736	1262458.261990151	-1261472.2448930969	34	7
569	-1797166.4051686232	1263478.7870525087	-1262442.4798659994	34	8
570	-1791920.2260999032	1262062.8883244984	-1261182.0706912489	34	9
571	-1786452.2073863004	1258761.8307076264	-1257607.804370674	34	10
572	-1810529.5370531338	1273168.0276616525	-1272728.072351248	34	11
573	-1802804.2848196137	1275257.0555172432	-1274339.0481516004	34	12
574	-1792964.1570937117	1272535.0631062442	-1272026.5950376182	34	13
575	-1782717.3245470761	1266178.4059171434	-1265503.5181587802	34	14
576	-1773832.774213214	1257140.837598108	-1256034.9224870503	34	15
577	-1813214.4061815036	1297617.8327952283	-1296404.083832803	34	16
578	-1794747.1680393205	1292783.6827840828	-1291738.7094213765	34	17
579	-1775549.3061930924	1280819.8668644815	-1279587.3418679584	34	18
580	-1758930.9455788736	1263188.3208155984	-1262628.8448336849	34	19
581	-1747728.815186218	1243754.6710916872	-1242874.6359270464	34	20
582	-1797480.4206400593	1330023.3648079133	-1329414.6135105956	34	21
583	-1761526.6107368344	1307362.254376152	-1306969.6960695365	34	22
584	-1730499.4122283715	1275055.8760359373	-1274787.0350061674	34	23
585	-1709636.5411082278	1238507.0127970763	-1238248.0219589353	34	24
586	-1675452.0204646555	1298395.9188146242	-1297642.5244416683	34	25
587	-1636825.4845933546	1230382.4989374408	-1229946.9922798683	34	26
588	-1471158.8122093403	1097886.2981568347	-1097683.6332475014	34	27
589	-1215361.3351256787	801812.6048749038	-801717.472340576	34	28
590	-1342076.1837958605	692390.8453019471	-692259.3389181256	34	29
591	-1536670.1293664495	684888.1492582959	-684313.662535493	34	30
592	-628233.6612492828	470883.19733824534	-470672.5652718591	34	31
593	-765113.0135652414	288606.62529662217	-288635.91882697254	34	32
594	-1059371.6808395642	276398.47821333574	-276502.2780941262	34	33
595	-2491691.581613008	1238521.391389689	-1238022.5302246322	35	0
596	-2498615.408127226	1240992.1472501273	-1240254.389290357	35	1
597	-2498600.1775197526	1243578.0270224577	-1242773.7446582776	35	2
598	-2497390.7534326036	1245193.451011882	-1244535.2789528393	35	3
599	-2495197.000128337	1245915.2477860062	-1244880.3197710868	35	4
600	-2492399.2004057607	1245033.298609476	-1244337.196822767	35	5
601	-2504613.564214036	1247814.5826496105	-1247290.1012056514	35	6
602	-2502344.0542262476	1251041.793845253	-1250385.89881113	35	7
603	-2498228.736927497	1252062.318907611	-1251356.1337840324	35	8
604	-2492982.557858777	1250646.420179601	-1250095.7246092819	35	9
605	-2487514.5391451744	1247345.3625627286	-1246521.458288707	35	10
606	-2511591.868812008	1261751.559516755	-1261641.726269281	35	11
607	-2503866.6165784877	1263840.5873723454	-1263252.7020696334	35	12
608	-2494026.4888525857	1261118.5949613464	-1260940.2489556512	35	13
609	-2483779.65630595	1254761.9377722458	-1254417.1720768134	35	14
610	-2474895.105972088	1245724.3694532102	-1244948.5764050833	35	15
611	-2514276.7379403776	1286201.3646503307	-1285317.7377508362	35	16
612	-2495809.4997981945	1281367.2146391852	-1280652.3633394095	35	17
613	-2476611.6379519664	1269403.3987195839	-1268500.9957859914	35	18
614	-2459993.2773377476	1251771.8526707005	-1251542.498751718	35	19
615	-2448791.146945092	1232338.2029467893	-1231788.2898450796	35	20
616	-2498542.7523989333	1318606.8966630155	-1318328.2674286286	35	21
617	-2462588.9424957084	1295945.7862312545	-1295883.3499875697	35	22
618	-2431561.7439872455	1263639.4078910395	-1263700.6889242004	35	23
619	-2410698.872867102	1227090.5446521787	-1227161.6758769685	35	24
620	-2376514.3522235295	1286979.4506697264	-1286556.1783597015	35	25
621	-2337887.8163522286	1218966.030792543	-1218860.6461979016	35	26
622	-2172221.1439682143	1086469.8300119373	-1086597.2871655342	35	27
623	-1916423.6668845527	790396.1367300061	-790631.1262586091	35	28
624	-2043138.5155547345	680974.3771570494	-681172.9928361587	35	29
625	-2237732.4611253235	673471.6811133982	-673227.3164535261	35	30
626	-1329295.9930081568	459466.7291933476	-459586.21918989223	35	31
627	-1466175.3453241154	277190.15715172444	-277549.57274500566	35	32
628	-1760434.0125984382	264982.010068438	-265415.9320121593	35	33
629	-701062.331758874	-11416.468144897712	11086.346081966902	35	34
630	-2244799.5269294954	1751194.6939656027	-1750290.5796361454	36	0
631	-2251723.3534437134	1753665.449826041	-1752522.43870187	36	1
632	-2251708.12283624	1756251.3295983716	-1755041.7940697907	36	2
633	-2250498.698749091	1757866.753587796	-1756803.3283643525	36	3
634	-2248304.9454448246	1758588.5503619201	-1757148.3691826	36	4
635	-2245507.145722248	1757706.6011853896	-1756605.24623428	36	5
636	-2257721.5095305233	1760487.8852255244	-1759558.1506171646	36	6
637	-2255451.999542735	1763715.096421167	-1762653.9482226432	36	7
638	-2251336.6822439847	1764735.6214835248	-1763624.1831955456	36	8
639	-2246090.5031752647	1763319.7227555146	-1762363.774020795	36	9
640	-2240622.484461662	1760018.6651386425	-1758789.5077002202	36	10
641	-2264699.8141284953	1774424.8620926687	-1773909.7756807941	36	11
642	-2256974.561894975	1776513.8899482593	-1775520.7514811466	36	12
643	-2247134.434169073	1773791.8975372603	-1773208.2983671643	36	13
644	-2236887.6016224376	1767435.2403481596	-1766685.2214883266	36	14
645	-2228003.0512885754	1758397.672029124	-1757216.6258165964	36	15
646	-2267384.683256865	1798874.6672262445	-1797585.787162349	36	16
647	-2248917.445114682	1794040.517215099	-1792920.4127509226	36	17
648	-2229719.583268454	1782076.7012954976	-1780769.0451975046	36	18
649	-2213101.222654235	1764445.1552466145	-1763810.5481632312	36	19
650	-2201899.0922615794	1745011.5055227033	-1744056.3392565928	36	20
651	-2251650.6977154207	1831280.1992389294	-1830596.3168401418	36	21
652	-2215696.887812196	1808619.0888071682	-1808151.3993990829	36	22
653	-2184669.689303733	1776312.7104669535	-1775968.7383357135	36	23
654	-2163806.8181835893	1739763.8472280924	-1739429.7252884817	36	24
655	-2129622.297540017	1799652.75324564	-1798824.2277712147	36	25
656	-2090995.761668716	1731639.333368457	-1731128.6956094147	36	26
657	-1925329.0892847017	1599143.1325878508	-1598865.3365770476	36	27
658	-1669531.6122010401	1303069.43930592	-1302899.1756701223	36	28
659	-1796246.460871222	1193647.679732963	-1193441.0422476719	36	29
660	-1990840.406441811	1186144.983689312	-1185495.3658650394	36	30
661	-1082403.9383246442	972140.0317692615	-971854.2686014053	36	31
662	-1219283.2906406028	789863.4597276383	-789817.6221565187	36	32
663	-1513541.9579149256	777655.3126443519	-777683.9814236725	36	33
664	-454170.27707536146	501256.8344310161	-501181.7033295462	36	34
665	246892.05468351254	512673.3025759138	-512268.0494115131	36	35
666	-1547782.431246656	1477968.703124787	-1476832.6770398342	37	0
667	-1554706.257760874	1480439.4589852253	-1479064.536105559	37	1
668	-1554691.0271534007	1483025.338757556	-1481583.8914734793	37	2
669	-1553481.6030662516	1484640.7627469802	-1483345.425768041	37	3
670	-1551287.8497619852	1485362.5595211042	-1483690.4665862888	37	4
671	-1548490.0500394087	1484480.610344574	-1483147.3436379689	37	5
672	-1560704.413847684	1487261.8943847085	-1486100.2480208534	37	6
673	-1558434.9038598957	1490489.105580351	-1489196.045626332	37	7
674	-1554319.5865611453	1491509.6306427089	-1490166.2805992344	37	8
675	-1549073.4074924253	1490093.731914699	-1488905.8714244838	37	9
676	-1543605.3887788225	1486792.6742978266	-1485331.605103909	37	10
677	-1567682.718445656	1501198.871251853	-1500451.8730844832	37	11
678	-1559957.4662121357	1503287.8991074436	-1502062.8488848351	37	12
679	-1550117.3384862337	1500565.9066964446	-1499750.395770853	37	13
680	-1539870.5059395982	1494209.249507344	-1493227.3188920151	37	14
681	-1530985.955605736	1485171.6811883082	-1483758.7232202853	37	15
682	-1570367.5875740256	1525648.6763854288	-1524127.8845660381	37	16
683	-1551900.3494318426	1520814.5263742835	-1519462.5101546114	37	17
684	-1532702.4875856144	1508850.710454682	-1507311.1426011936	37	18
685	-1516084.1269713957	1491219.1644057985	-1490352.64556692	37	19
686	-1504881.99657874	1471785.5146818873	-1470598.4366602816	37	20
687	-1554633.6020325813	1558054.2083981137	-1557138.4142438304	37	21
688	-1518679.7921293564	1535393.0979663525	-1534693.4968027717	37	22
689	-1487652.5936208935	1503086.7196261375	-1502510.8357394023	37	23
690	-1466789.7225007499	1466537.8563872767	-1465971.8226921705	37	24
691	-1432605.2018571775	1526426.7624048244	-1525366.3251749035	37	25
692	-1393978.6659858767	1458413.342527641	-1457670.7930131035	37	26
693	-1228311.9936018623	1325917.1417470353	-1325407.4339807362	37	27
694	-972514.5165182007	1029843.4484651043	-1029441.2730738111	37	28
695	-1099229.3651883826	920421.6888921474	-919983.1396513607	37	29
696	-1293823.3107589716	912918.9928484962	-912037.4632687281	37	30
697	-385386.84264180483	698914.0409284458	-698396.3660050941	37	31
698	-522266.1949577634	516637.4688868226	-516359.7195602075	37	32
699	-816524.8622320862	504429.3218035361	-504226.0788273612	37	33
700	242846.81860747794	228030.84359020038	-227723.80073323502	37	34
701	943909.1503663519	239447.3117350981	-238810.1468152019	37	35
702	697017.0956828394	-273225.9908408157	273457.90259631124	37	36
703	-4344987.107621137	1259905.1338967194	-1258750.6452531433	38	0
704	-4351910.934135355	1262375.8897571578	-1260982.504318868	38	1
705	-4351895.703527882	1264961.7695294884	-1263501.8596867884	38	2
706	-4350686.279440733	1266577.1935189127	-1265263.3939813501	38	3
707	-4348492.526136466	1267298.9902930367	-1265608.4347995978	38	4
708	-4345694.72641389	1266417.0411165066	-1265065.311851278	38	5
709	-4357909.090222165	1269198.325156641	-1268018.2162341624	38	6
710	-4355639.580234377	1272425.5363522836	-1271114.0138396411	38	7
711	-4351524.262935626	1273446.0614146416	-1272084.2488125437	38	8
712	-4346278.083866906	1272030.1626866315	-1270823.839637793	38	9
713	-4340810.065153304	1268729.105069759	-1267249.573317218	38	10
714	-4364887.394820137	1283135.3020237854	-1282369.8412977923	38	11
715	-4357162.142586617	1285224.329879376	-1283980.8170981442	38	12
716	-4347322.014860715	1282502.337468377	-1281668.3639841622	38	13
717	-4337075.182314079	1276145.6802792766	-1275145.2871053242	38	14
718	-4328190.631980217	1267108.1119602406	-1265676.6914335943	38	15
719	-4367572.263948507	1307585.1071573612	-1306045.8527793472	38	16
720	-4349105.025806324	1302750.957146216	-1301380.4783679205	38	17
721	-4329907.1639600955	1290787.1412266144	-1289229.1108145027	38	18
722	-4313288.803345877	1273155.595177731	-1272270.6137802291	38	19
723	-4302086.672953221	1253721.9454538198	-1252516.4048735907	38	20
724	-4351838.278407062	1339990.6391700462	-1339056.3824571394	38	21
725	-4315884.4685038375	1317329.528738285	-1316611.4650160808	38	22
726	-4284857.269995375	1285023.1503980702	-1284428.8039527116	38	23
727	-4263994.398875231	1248474.2871592091	-1247889.7909054796	38	24
728	-4229809.878231659	1308363.1931767568	-1307284.2933882126	38	25
729	-4191183.3423603578	1240349.7732995735	-1239588.7612264126	38	26
730	-4025516.6699763434	1107853.5725189678	-1107325.4021940455	38	27
731	-3769719.192892682	811779.8792370368	-811359.2412871202	38	28
732	-3896434.0415628636	702358.1196640799	-701901.1078646698	38	29
733	-4091027.9871334527	694855.4236204287	-693955.4314820372	38	30
734	-3182591.5190162864	480850.47170037817	-480314.33421840327	38	31
735	-3319470.871332245	298573.899658755	-298277.68777351663	38	32
736	-3613729.5386065673	286365.7525754686	-286144.04704067035	38	33
737	-2554357.8577670036	9967.274362132872	-9641.768946544107	38	34
738	-1853295.5260081294	21383.742507030584	-20728.11502851101	38	35
739	-2100187.580691642	-491289.56006888323	491539.9343830021	38	36
740	-2797204.676374481	-218063.56922806753	218082.0317866909	38	37
741	-4610780.844566325	1754917.8747241814	-1753961.56403774	39	0
742	-4617704.671080543	1757388.6305846197	-1756193.4231034648	39	1
743	-4617689.440473069	1759974.5103569503	-1758712.7784713851	39	2
744	-4616480.01638592	1761589.9343463746	-1760474.312765947	39	3
745	-4614286.263081654	1762311.7311204989	-1760819.3535841943	39	4
746	-4611488.463359077	1761429.7819439685	-1760276.2306358747	39	5
747	-4623702.827167353	1764211.065984103	-1763229.1350187592	39	6
748	-4621433.317179564	1767438.2771797457	-1766324.9326242376	39	7
749	-4617317.999880814	1768458.8022421037	-1767295.1675971402	39	8
750	-4612071.820812094	1767042.9035140935	-1766034.7584223896	39	9
751	-4606603.802098491	1763741.845897221	-1762460.492101815	39	10
752	-4630681.131765325	1778148.0428512474	-1777580.760082389	39	11
753	-4622955.8795318045	1780237.070706838	-1779191.7358827412	39	12
754	-4613115.751805902	1777515.0782958393	-1776879.282768759	39	13
755	-4602868.919259267	1771158.4211067385	-1770356.205889921	39	14
756	-4593984.368925405	1762120.8527877028	-1760887.6102181908	39	15
757	-4633366.000893694	1802597.8479848234	-1801256.7715639437	39	16
758	-4614898.762751511	1797763.697973678	-1796591.3971525172	39	17
759	-4595700.900905283	1785799.8820540765	-1784440.0295990992	39	18
760	-4579082.540291064	1768168.3360051932	-1767481.5325648256	39	19
761	-4567880.409898409	1748734.6862812818	-1747727.3236581874	39	20
762	-4617632.01535225	1835003.3799975081	-1834267.3012417362	39	21
763	-4581678.205449025	1812342.2695657471	-1811822.3838006773	39	22
764	-4550651.006940562	1780035.8912255324	-1779639.7227373081	39	23
765	-4529788.135820419	1743487.0279866713	-1743100.709690076	39	24
766	-4495603.615176846	1803375.934004219	-1802495.212172809	39	25
767	-4456977.079305545	1735362.5141270354	-1734799.6800110093	39	26
768	-4291310.406921531	1602866.3133464297	-1602536.3209786422	39	27
769	-4035512.9298378695	1306792.6200644989	-1306570.1600717169	39	28
770	-4162227.7785080513	1197370.860491542	-1197112.0266492665	39	29
771	-4356821.72407864	1189868.1644478908	-1189166.3502666338	39	30
772	-3448385.255961473	975863.2125278402	-975525.2530029999	39	31
773	-3585264.6082774317	793586.640486217	-793488.6065581134	39	32
774	-3879523.275551755	781378.4934029307	-781354.965825267	39	33
775	-2820151.5947121903	504980.0151895949	-504852.6877311408	39	34
776	-2119089.262953317	516396.4833344926	-515939.0338131077	39	35
777	-2365981.317636829	3723.180758578792	-3670.984401594574	39	36
778	-3062998.4133196687	276949.1715993945	-277128.8869979058	39	37
779	-265793.7369451872	495012.74082746205	-495210.91878459667	39	38
